ets Jul 29 2019 12:21:46

rst:0x1 (POWERON_RESET),boot:0x13 (SPI_FAST_FLASH_BOOT)
configsip: 0, SPIWP:0xee
clk_drv:0x00,q_drv:0x00,d_drv:0x00,cs0_drv:0x00,hd_drv:0x00,wp_drv:0x00
mode:DIO, clock div:1
load:0x3fff0030,len:4980
load:0x40078000,len:16612
load:0x40080400,len:3480
entry 0x400805b4
924264
926473
930700
920388
918765
921307
921450
921291
921683
920816
919737
920181
920566
921484
921493
920536
921356
921504
921680
923026
923902
923828
924358
925102
924764
924016
923169
922647
922696
922002
921730
920812
919887
919800
919814
918836
918583
919013
918920
919848
920070
919898
920222
920817
920892
922095
922972
923009
923399
923188
922713
922207
921580
921030
921262
920999
920021
919123
918545
918502
918316
916954
917115
917413
917890
918238
917977
918487
919141
919154
919545
920649
923383
927702
919361
916980
920013
920695
920174
919958
919399
919175
919074
918002
917234
916682
916463
915445
915968
915786
916254
917459
917232
917582
918103
918574
919859
920386
919901
920244
921223
920689
920252
919373
918804
919558
918761
918198
918244
917048
916522
916869
916512
915704
916273
916019
916962
917209
916389
917519
918449
918175
918968
919596
919644
920306
921012
920460
919978
918663
918787
919341
918740
918174
917752
916683
916319
916365
915277
915673
916086
916133
916713
916910
917059
917521
918305
919029
919933
920524
920201
920972
920954
921170
920921
920145
919953
919718
919006
918584
918034
917402
916836
917013
916502
917022
917133
917095
917432
917391
917791
918750
919268
919738
920816
921262
921163
921887
921589
921681
921292
920856
921460
921260
920149
919835
919428
918766
918059
918089
916922
917662
917086
917766
918762
918141
918693
919607
919684
920259
921296
921563
923710
928876
919676
917568
919874
920933
921486
920978
920457
920199
919918
918946
918667
918287
917753
918510
918476
919125
919374
918770
919585
919906
920028
921156
922312
922092
922606
922872
922623
923035
922580
922561
922222
921040
920754
920719
919476
919009
919127
918137
918726
919437
918929
919706
920235
919856
920715
921081
921360
922029
922752
923013
924511
924610
923884
923718
922572
922437
922670
922211
921736
921308
920465
920170
920500
919365
919717
919578
919814
920984
920348
920914
921593
921542
922307
923040
923929
923616
924575
923965
924317
923684
923121
923484
922815
922279
921474
920593
919769
919846
919717
918981
919398
919202
919732
920464
919826
920530
920863
920772
922101
923050
923216
924002
924719
923436
923852
923374
922418
922978
922440
921866
921452
920857
920041
919554
919268
918948
919134
919027
919879
920041
919720
920158
920629
920828
922131
923123
923007
923129
925701
930128
920886
917906
920752
921787
921150
920078
919952
919003
918260
918833
918061
917969
917936
918074
918399
918436
918584
919291
919392
919539
920447
921522
921588
922095
921856
921872
921258
920127
920568
920543
919606
918828
917973
917497
916984
917038
915940
916017
916615
916727
917398
916779
916515
917322
917682
918133
919187
919826
919707
920554
920399
920297
919378
918120
918026
918161
918193
917528
917185
916793
915912
915652
915487
915954
916334
917084
917552
916828
917888
918574
918779
919636
920835
921409
921539
921636
921196
921188
920843
920360
921079
920148
919220
919264
918992
918809
918449
917700
917336
917741
917766
918986
919805
919493
920278
921204
921412
922312
923858
924091
925227
925506
925449
926018
925629
925471
925829
925307
924998
925157
924296
924118
925475
924906
924612
925131
925455
926166
925943
925718
926748
927344
928227
929426
929764
929304
930564
930388
932168
936425
926738
924697
927295
927578
927889
927295
926892
926660
926272
925309
926192
925932
925857
926686
926659
926766
927715
927927
928594
929288
929629
929666
930976
930891
930489
930215
929678
929955
929175
928532
928489
928253
928056
927722
928056
927616
928436
928807
929851
930615
930622
931895
932568
933609
934738
935862
936965
936865
938026
938091
938667
938070
938039
938508
937888
937447
937260
937216
936880
936755
936967
936791
937104
937326
937783
937979
937172
937903
938916
939520
940436
940820
941263
940909
941515
941392
940840
940208
939808
940118
939475
938738
938185
937985
937723
937427
936015
936369
936693
936909
937000
936284
935956
936507
936584
937143
937714
937156
936959
938059
937110
935964
935140
934016
933806
932465
930662
929156
928386
926870
925657
925756
923654
923057
922864
922018
921781
920376
919519
919346
918705
918215
918062
917761
916719
916230
914986
913558
914249
916542
906837
902640
903471
902972
900941
898881
897825
896620
894704
893818
892155
891512
890901
888878
888034
886846
885824
885496
884631
883113
882029
881396
879116
877331
875784
873954
873108
871037
868868
866999
864750
862970
861848
860150
857994
857614
856238
855380
854437
853084
852275
851312
850721
850698
850169
848994
847730
847032
845762
844795
843094
841632
839904
837409
836339
835313
832763
830288
829100
826803
825325
824697
823531
822566
821051
819598
819308
818389
817757
816981
815678
814190
814044
812704
811223
809426
806199
804922
803596
801822
799975
797853
795381
794096
793135
790411
789401
787985
786469
786169
784211
783330
782670
781277
780458
779134
777794
776578
776056
774245
772000
769506
767528
766086
763990
761570
759414
757026
754566
752274
750167
746888
745396
743669
742525
740389
737530
736369
734927
732748
730857
728341
725998
723922
721842
718496
715820
712201
708168
707604
708046
694890
689287
688088
685138
681790
677618
673706
670004
666158
662983
659878
655141
651020
647153
643744
640908
636637
632178
628217
623857
618611
614185
608220
602606
597444
591681
586437
581044
575004
569550
564456
557504
552395
547584
542638
538297
532893
526980
521784
517124
512257
507331
502340
496591
492086
487353
481859
476546
470756
465663
460916
455378
450562
445350
439390
434501
430851
426011
421945
417849
414383
411752
408090
404607
401574
398371
395737
394168
391701
388930
387042
383417
381085
378514
375669
373788
371137
368683
366347
363313
361186
359590
357526
354787
353539
352173
351093
349936
347873
347451
346779
345244
344329
343835
342531
341449
340790
338773
336617
334012
332049
330825
328035
325562
323262
320196
317512
315622
313318
310891
309252
307478
306600
305322
302818
301947
301305
299846
299802
298615
296968
296107
295126
293610
292475
290868
289509
288618
288923
291245
281852
277992
279768
280865
280000
279725
279807
279549
280399
280260
279916
280694
281682
283061
284856
286065
286791
287799
288447
289458
290390
291597
293104
294196
295350
297074
299022
300552
302385
304615
306528
309622
312265
316043
321169
324518
328066
332904
337927
343259
348861
354978
360517
366095
371277
377566
383294
389374
395954
401971
408083
414496
420935
427121
434144
441750
448499
456481
463856
471360
478531
485023
492647
500591
508088
514924
521810
528086
534502
541450
547038
553065
558108
563374
568984
574073
579114
583997
588087
592684
598102
602686
607460
612848
617413
623488
628806
633821
639895
644766
649533
655275
660966
665880
671202
675396
679808
684207
688229
692335
696541
700259
704289
708187
711653
715947
720248
723215
727512
731921
736096
740585
744894
748156
752475
756583
760046
763797
767176
769193
772607
774482
776259
777763
778743
780526
781402
782420
785808
790686
782635
781706
786304
788674
791560
793648
796124
799927
803242
806806
810809
814614
819636
825048
829431
833865
839653
844507
849541
854264
858964
864444
869532
874362
879657
884942
890266
895986
902146
907935
914587
921053
928106
935369
942113
949718
957118
964548
972877
980833
988348
995584
1003251
1009580
1016929
1023208
1028904
1035872
1041855
1048019
1054359
1059543
1065214
1071176
1076094
1081292
1087232
1092515
1097916
1102980
1107560
1112117
1116484
1120844
1125892
1129922
1133241
1137193
1140745
1143170
1145865
1148431
1151058
1153689
1155660
1158284
1160809
1162633
1164824
1167739
1169671
1172106
1175033
1177530
1180329
1182735
1185563
1189163
1191771
1194392
1198148
1201279
1203408
1207021
1210192
1212932
1215517
1217850
1220884
1223385
1226166
1229767
1233485
1236495
1239468
1243128
1246095
1250312
1254113
1258343
1262561
1266185
1269870
1272935
1276845
1280830
1285117
1289239
1292137
1297069
1300715
1305071
1309792
1314398
1320027
1325708
1332445
1339080
1348646
1360367
1358946
1365238
1376538
1387750
1397837
1408710
1418880
1428515
1439531
1450043
1459880
1470721
1481681
1491566
1501128
1510909
1519419
1528197
1535727
1542506
1549929
1557029
1563397
1569344
1574395
1579890
1585417
1590246
1595292
1600903
1605639
1611512
1617158
1621763
1627095
1631439
1636135
1641154
1645513
1649328
1653489
1657013
1660055
1663485
1665808
1668252
1670982
1672887
1675706
1677799
1679466
1681114
1683322
1685721
1688633
1690917
1693490
1696329
1698911
1701748
1704557
1706852
1708864
1711880
1714278
1715525
1717770
1719141
1719957
1721103
1721915
1722890
1723501
1724273
1724587
1724804
1725153
1725204
1725109
1725223
1726485
1727362
1728347
1729019
1729200
1729877
1730580
1730393
1731107
1732146
1731550
1730924
1731604
1731237
1731021
1730235
1729205
1729099
1728253
1727431
1727047
1726468
1726141
1726270
1726530
1726635
1727610
1728679
1729626
1730519
1731373
1732729
1734270
1735163
1736258
1737889
1738765
1739245
1740293
1740288
1741067
1741429
1741312
1741379
1741450
1742025
1742526
1742703
1745461
1750989
1742098
1740941
1745775
1748210
1749852
1752318
1753805
1756383
1757801
1759092
1761861
1763974
1765404
1767288
1769485
1771477
1773520
1775106
1776907
1778965
1780215
1782420
1785286
1787156
1790141
1793391
1796123
1799745
1803037
1806222
1809887
1813685
1816886
1820795
1823646
1826111
1829071
1832093
1834475
1836763
1838290
1840313
1842108
1843545
1845519
1847360
1848551
1851301
1853805
1855778
1858547
1861540
1864699
1869110
1872982
1876850
1880951
1884685
1888765
1893679
1897798
1901256
1905220
1908945
1911794
1914945
1917628
1919902
1921438
1923594
1925020
1925659
1926373
1928271
1929756
1930507
1932357
1934638
1935808
1938465
1940644
1943642
1946489
1948972
1953305
1957108
1960660
1964885
1969050
1972595
1976579
1980305
1983342
1986886
1989837
1992726
1995701
1997950
2000023
2002397
2004521
2006464
2008475
2010194
2011980
2013985
2015115
2016921
2017865
2018334
2020255
2020817
2021062
2022173
2023222
2023543
2024623
2023756
2023192
2023325
2022509
2022318
2022477
2022231
2022525
2022764
2022697
2023475
2027116
2032404
2023793
2022737
2026753
2028694
2030211
2031567
2032776
2033438
2033889
2035037
2035355
2034968
2035114
2034696
2033984
2033184
2032280
2031521
2030494
2028811
2028868
2028744
2027930
2027832
2028257
2028174
2029417
2030516
2032248
2033817
2035492
2037845
2040225
2042447
2044866
2047513
2050333
2052202
2055002
2057136
2059957
2062008
2064486
2067408
2069657
2072397
2075654
2077951
2080317
2083664
2086704
2089783
2094034
2097375
2100521
2104399
2107955
2112141
2115685
2119206
2123296
2127403
2130372
2133930
2138316
2141677
2144702
2147683
2150830
2154697
2157207
2160341
2163801
2167083
2170600
2174953
2178625
2182670
2186936
2190564
2194669
2198720
2202530
2206280
2209726
2212714
2215758
2219005
2220943
2223027
2225008
2226886
2228172
2228626
2229869
2230581
2230869
2232389
2233676
2233943
2234866
2236333
2237172
2238616
2240124
2241256
2242610
2243832
2244751
2245682
2245711
2246113
2245706
2244887
2243362
2241741
2238677
2235692
2231615
2227675
2224141
2219629
2214710
2210667
2206147
2200827
2195542
2190950
2185630
2181334
2180690
2179091
2164917
2161047
2159426
2156219
2151207
2147304
2142726
2136930
2130998
2125772
2119224
2112586
2105072
2097178
2089503
2080767
2071498
2063042
2053419
2043803
2035008
2025601
2015074
2005173
1994305
1983843
1973207
1962240
1951322
1939348
1927030
1914860
1902713
1889570
1875543
1861699
1846568
1831372
1815383
1799000
1782262
1764580
1747285
1729427
1710885
1691942
1673100
1653443
1633427
1613111
1591158
1569792
1547164
1522937
1498714
1472894
1445934
1418419
1388513
1356910
1324911
1290598
1254406
1217314
1178923
1138747
1096350
1051778
1006239
958023
907978
856255
803279
748435
692132
633434
573648
514517
456364
399727
343854
289874
239776
195607
156599
122447
94799
73447
61568
57226
43282
39190
41081
42194
42472
43368
45164
46603
47555
46282
43122
37012
29661
21222
12019
-3742
4343
12485
20012
27172
35211
44032
51491
57526
60439
62450
64047
62375
58209
51569
43361
33851
23044
10796
-447
10188
20068
27914
32930
34881
33897
31310
26178
19556
12869
-5864
2384
10448
18060
25188
30613
34377
36154
35398
33267
27948
20729
12724
4014
-6150
17143
28385
38976
48439
56844
62226
64402
64901
61329
53887
45040
34053
21417
-8659
4980
17219
27642
37408
44653
50085
53561
53272
50613
46454
40534
31604
22104
12148
2188
-6404
13606
18694
22155
23562
22824
20166
15589
-8741
-695
7192
14936
20962
26314
31190
35095
37377
38727
37484
34958
31424
26279
19759
12040
2687
-5509
13152
22142
30334
37241
42531
45928
47789
47593
44705
40125
34417
26751
18815
10715
-2651
3656
9707
14911
18826
21705
23753
24081
23350
21219
17927
15171
10934
5859
1209
-3379
-7035
-9654
11517
13185
13014
11725
-9436
-5712
-2083
2257
7429
11988
17508
22345
25028
27931
29951
30366
30454
28848
26439
23395
19152
14033
7648
1020
-4968
10502
16143
20919
24769
28183
29978
30194
28738
26690
23222
18798
13912
-8606
-3074
2521
7034
10746
14080
15208
15647
15744
15055
13623
10621
7368
4794
1101
-2609
-5436
-7311
-8774
-8662
-9341
-9159
-7937
-6326
-4080
-552
2995
6706
10575
13694
16126
18976
20227
21255
21537
21357
20070
16858
13622
10027
5695
1382
-2659
-6346
10462
13390
15591
16907
17447
17160
15008
13824
12258
-9187
-5752
-2948
-179
2712
4644
7285
8458
8821
9356
8986
8027
7049
5337
3239
997
-1524
-3847
-5266
-6995
-8037
-8263
-7875
-6203
-5402
-4420
-2056
197
1838
4486
6355
7032
9058
10503
11186
12187
11543
11717
11802
10178
8247
6695
4615
3197
1157
-1128
-2984
-4424
-5702
-6251
-7031
-6503
-5587
-5517
-5629
-3788
-2984
-1899
-309
848
1997
2619
3100
4299
5350
4833
3646
3532
2827
2782
1692
141
-880
-1620
-1704
-2420
-3267
-3263
-3098
-2990
-3510
-2335
-1509
-431
340
1228
2340
2574
3544
4543
5249
5717
6217
6513
6292
6431
6001
5269
4381
3675
3287
2185
1235
542
-397
-1883
-2370
-2577
-3788
-3525
-3003
-2598
-2097
-2596
-1778
-355
56
879
2223
2448
3015
4163
4221
4225
4503
3700
3703
2876
1217
705
558
-644
-1261
-2264
-3293
-3213
-3484
-3680
-3587
-3392
-2588
-1693
-1595
-879
925
1600
3120
4367
4443
5751
6693
6968
7364
6757
5776
5137
4172
2640
1990
545
-362
-1911
-3401
-3450
-4142
-5146
-5072
-4413
-3736
-2987
-2014
-1250
520
1777
3122
3768
4496
5712
6550
6411
6409
6671
5330
3157
2424
971
-251
-944
-2243
-3342
-4878
-5949
-6053
-5985
-5891
-5232
-3619
-2365
-517
694
1874
3502
3971
5427
6822
7112
7633
7940
7012
5922
5321
3617
2180
165
-1216
-2322
-4152
-4573
-4284
-5047
-5779
-5311
-4922
-3868
-2146
-1016
249
2137
3365
4913
5619
6464
7370
7717
7229
6996
5941
4404
3266
1627
-137
-1320
-2546
-3800
-4716
-6160
-6493
-5816
-5961
-5296
-3927
-2674
-1324
291
2231
4026
4439
5679
6686
7285
7163
7178
5991
4771
4067
3010
1915
169
-1299
-2350
-3238
-4798
-5554
-5582
-5365
-4205
-3715
-3146
-1679
74
1298
2978
4075
5149
5998
6427
6008
6082
5757
5567
4434
3241
1942
189
-1089
-1585
-2859
-3946
-4548
-4658
-4965
-4008
-3236
-2461
-1625
-1216
127
1496
3101
4504
5279
5586
5432
5996
5656
5297
4616
3128
2341
1118
462
-505
-1752
-3078
-3672
-3667
-3745
-3463
-3465
-2245
-1417
-801
866
1774
2617
3879
5034
5322
5686
5316
4605
4032
3829
3458
2667
1287
664
50
-1232
-2181
-2597
-2824
-2280
-2365
-2598
-1366
-962
-151
1087
1430
2891
3377
3749
3874
4472
4318
3859
3594
3384
3032
1567
1273
1310
260
-955
-1741
-1235
-1588
-2194
-2537
-1462
-559
-177
1427
2376
1641
2054
3497
4121
4017
4767
4173
3376
3122
2936
2963
1879
1657
1365
-131
-1202
-1052
-824
-1357
-1012
-206
329
498
570
1422
2050
1875
2693
3633
3965
4394
3806
2992
3153
2894
2589
2095
1502
668
875
-156
-281
178
-131
-252
200
470
798
1134
1140
2848
3520
3297
3825
4250
4132
3658
3433
3692
3042
2593
2785
2437
1608
1574
780
38
62
417
-24
596
1035
1168
2194
2510
2986
4132
4049
4291
4975
5267
5115
5054
4524
4280
3716
3250
3723
3615
2476
2281
2772
2134
2264
3532
3010
4461
5805
7539
9559
10363
11649
14471
16207
11131
-1717
23630
46545
65806
89583
120600
1274918
1249724
1243635
1266123
1314504
1397186
1504070
1594608
1635495
1629061
1600088
1555896
1497060
1439348
1398057
1373495
1369600
1383268
1411577
1443929
1475358
1494927
1500455
1507778
1536599
1590283
1660556
1744154
1834790
1921392
1988574
2028143
2053606
2078164
2109703
2151076
2198667
2244697
2284670
2312118
2322498
2316542
2304026
2295561
2298897
2311232
2328735
2344760
2352857
2350973
2342273
2331507
2328648
2341124
2366955
2399446
2431297
2457668
2477857
2491352
2500936
2511670
2527605
2547991
2569394
2583348
2586501
2581075
2571730
2564876
2565735
2576976
2596692
2622262
2647950
2653542
2667307
2685393
2703402
2723436
2746925
2772519
2793843
2808542
2814237
2810748
2800828
2788059
2776903
2766540
2757968
2746196
2728927
2705337
2677661
2651100
2628115
2607981
2592853
2582053
2573723
2564951
2555160
2541681
2527439
2512894
2499685
2488552
2477144
2465004
2450426
2431358
2407642
2381600
2354863
2325993
2298061
2271723
2246971
2222493
2197668
2172998
2147423
2123183
2101957
2083365
2065775
2051439
2039814
2029624
2019916
2010879
2001433
1992329
1982309
1972735
1963416
1953203
1942565
1931786
1919006
1904732
1890171
1875625
1860722
1845777
1830792
1817320
1802607
1787455
1772771
1758339
1743057
1728651
1713192
1698489
1684774
1671061
1658252
1644396
1630467
1617216
1603001
1588012
1574790
1560821
1546554
1533986
1521268
1508583
1497252
1486227
1476913
1468530
1459981
1452968
1447431
1441962
1436099
1432579
1428134
1424803
1421382
1418554
1416933
1413684
1410068
1406766
1403570
1400017
1397936
1396953
1394835
1395050
1395813
1396861
1398521
1400543
1404429
1409068
1414859
1422029
1429178
1437994
1448974
1446919
1449694
1457961
1464192
1468811
1472835
1474721
1476263
1478034
1478884
1479036
1478589
1478003
1477536
1477803
1477451
1478035
1478936
1479222
1480178
1481792
1482946
1484646
1486646
1488182
1490351
1492874
1494162
1495678
1496745
1497417
1498838
1500236
1501154
1502399
1503072
1504822
1507429
1509044
1510800
1513614
1516380
1519881
1523139
1526093
1530686
1535128
1539440
1545374
1550572
1555306
1561324
1566453
1572130
1577533
1581703
1587019
1592371
1596490
1601731
1607270
1611869
1615715
1620535
1624495
1629947
1636015
1641626
1648825
1656121
1663920
1673040
1681951
1691201
1701525
1711924
1721394
1731873
1740611
1749180
1756539
1761791
1766795
1770291
1772035
1772526
1770707
1767449
1762962
1757796
1750457
1743617
1735326
1727268
1719912
1711140
1703235
1696548
1689761
1683836
1678633
1673598
1669383
1666965
1663217
1660105
1656255
1652479
1649889
1646289
1642198
1637709
1632752
1627734
1622392
1616329
1609492
1603297
1596557
1589797
1583338
1575960
1569579
1563117
1556314
1551142
1545766
1539638
1536726
1536669
1521777
1515440
1513596
1510623
1507070
1503029
1499663
1496802
1493022
1489536
1486477
1482691
1479388
1476244
1472644
1469449
1465650
1461141
1458846
1455654
1451915
1449296
1447351
1444737
1442378
1440041
1437905
1436291
1434324
1433091
1432223
1430995
1430234
1430017
1428918
1428640
1428735
1427324
1427223
1427452
1426897
1427331
1427625
1427503
1428081
1428689
1430003
1431841
1433605
1434458
1436651
1437744
1439771
1441602
1443128
1445656
1447250
1448621
1450944
1452728
1454441
1456839
1459032
1460501
1463153
1465141
1467526
1470145
1472500
1474792
1477165
1479851
1482386
1484732
1486884
1488492
1490619
1492430
1494853
1496641
1498398
1500756
1502378
1504250
1506038
1507246
1509310
1512097
1514149
1515536
1518915
1520952
1523758
1526491
1527714
1530344
1532448
1533914
1536281
1538041
1538758
1540161
1541726
1541885
1542708
1543707
1544076
1544767
1544707
1545217
1545652
1545585
1546195
1547115
1547119
1547973
1549402
1550223
1552115
1552771
1552854
1553928
1554540
1555209
1555997
1556289
1556391
1556794
1559520
1562754
1552305
1548882
1551124
1551029
1549632
1548956
1547926
1545768
1544399
1544172
1542368
1541591
1540959
1540054
1539498
1537977
1536870
1537093
1536565
1536551
1537086
1536343
1534961
1535024
1533818
1532793
1532412
1531382
1531231
1530521
1529628
1528539
1527419
1526696
1526404
1525898
1524167
1524846
1524412
1524585
1524798
1524188
1523792
1522870
1522445
1522788
1523072
1521408
1519587
1519649
1518725
1517839
1516018
1514196
1513417
1511116
1509558
1508724
1506648
1504376
1503581
1502300
1500772
1499989
1498927
1498071
1496979
1495541
1495465
1494264
1493275
1492534
1491674
1490433
1488949
1488311
1486331
1484087
1482535
1480781
1479283
1476852
1474400
1472637
1469950
1468108
1466721
1464099
1461995
1461216
1458884
1457637
1456389
1454037
1452292
1451153
1449231
1448124
1446897
1444870
1443163
1440661
1438116
1435594
1431663
1428798
1425776
1421701
1418138
1414576
1409725
1405594
1401399
1396230
1392228
1388101
1382843
1378244
1373315
1368025
1362763
1357149
1351249
1346430
1340663
1334503
1329152
1322017
1318522
1316815
1300169
1292366
1289112
1283305
1276635
1270099
1263437
1257318
1252375
1246249
1241156
1235278
1230153
1225989
1220177
1215711
1211960
1206738
1202372
1198445
1193663
1188809
1185328
1179987
1175591
1171017
1166001
1161552
1157087
1152232
1147203
1142861
1138095
1134361
1130201
1125657
1122333
1117750
1114439
1111042
1106511
1103352
1099997
1096118
1092575
1089237
1085541
1082648
1078671
1074510
1070556
1065800
1061330
1057668
1053003
1048381
1044172
1039733
1036116
1032446
1027478
1023493
1020809
1017310
1013980
1010595
1006568
1003751
1000581
997578
994673
991100
987369
983900
979348
975503
971396
965526
961756
957200
951531
947106
942869
937172
932036
927750
922939
918827
914436
910678
906972
902045
898208
894945
891010
886728
883438
879774
875771
872699
868382
863997
859605
854301
850245
846207
841958
837437
832504
827739
823645
819258
813984
810761
807058
803502
799867
795191
791794
788319
784263
781389
778767
774870
770393
767451
763739
759217
754734
752745
753040
739617
733026
731253
727947
723821
719158
714680
710037
706703
702738
699427
696632
692084
688425
684958
681834
678841
675280
671364
667833
664622
660391
656711
651912
647173
643558
638864
634620
630819
626515
622264
617970
613592
609772
606728
602792
599243
595874
592010
589363
586861
583139
579884
576681
573115
570550
567361
563667
560361
556468
553302
549975
546191
542716
539765
535880
532851
530633
527318
524798
522791
520904
519721
516755
514467
513471
512151
510662
509571
507996
506152
504984
502671
500560
498441
496750
495612
493267
490616
488846
486727
484024
481917
481010
478463
477861
476594
474706
473655
472464
471943
471631
470847
470147
469129
467845
467552
467899
466817
465670
464413
462901
462974
461949
460708
459941
458833
457749
457312
456722
455572
456381
455785
455796
455874
455081
455494
455863
455827
456285
456979
456855
456896
457152
456512
455889
455001
454227
456410
459646
449927
448019
449760
450238
450072
449123
449521
449368
449256
449842
449893
449747
451086
451956
452760
453968
454614
455460
457190
457616
457973
458538
458837
459299
459523
459559
460528
460702
460667
461560
462441
461960
462791
463901
464714
466666
467199
468556
470454
471873
473805
476390
477754
479067
482075
483596
485391
487425
488728
491268
494062
495648
497437
500037
502200
504183
506379
507735
510871
513820
516473
518815
519688
521547
523990
524728
525718
527045
527255
527543
528862
528514
528424
527612
526856
526433
525418
524064
523306
522346
521294
520522
519807
518931
519362
519327
520149
520037
520129
521145
521420
522034
523249
525043
526796
528159
528703
528543
529364
529348
529403
530706
530658
530601
531199
531369
531512
532042
532152
532501
533852
534472
535720
536550
536589
537953
539321
540073
542196
543491
544128
546200
548001
548608
549056
549728
551346
552883
555877
560981
553501
552775
556792
559501
560524
563385
565932
568497
570857
573011
575336
578188
580866
583495
586950
589810
591789
595199
597320
599881
601546
603022
605710
608150
609531
611733
613438
615238
617777
620083
621686
625099
627655
630600
633618
635848
639260
642891
646200
649527
652838
655809
658208
662175
664537
667166
669499
671478
674758
676672
679142
681736
683685
686081
689098
691566
693584
696718
699323
702621
705499
707618
711208
714710
717701
720929
723888
726501
730003
733655
735850
738368
740632
742641
745050
747665
749572
751747
753632
755753
758317
759861
761795
764585
767087
770463
772390
774047
776969
779625
782740
786191
788732
791010
794094
796772
798022
799474
800865
802987
805002
806707
808655
810512
811945
813490
814801
815847
817982
820029
822564
825192
827064
828527
830786
833170
835923
838989
840936
842406
845246
846974
848243
849834
851340
853109
854720
856110
859840
865500
857669
856822
861597
863708
866313
869036
871619
874170
875270
876695
878920
881714
884495
887053
888899
890927
894135
895084
896874
898570
899725
902209
903260
904362
906022
907229
908427
909845
910684
911072
913219
915066
917258
918654
919190
921343
922673
924521
926884
928328
929149
931302
933948
934514
934794
934998
935695
937571
937981
938522
939277
939190
939570
940977
940523
940704
942372
944059
945455
945604
946205
947978
949069
950350
952022
953138
953711
955747
956839
957285
957811
957688
958635
959042
958947
958899
958665
958356
958394
958918
958115
958874
959475
959820
960456
960526
960890
961682
961806
962561
963477
963972
964433
965926
965380
965461
965396
964552
964773
964435
963392
962434
962401
961338
960532
960391
959277
959552
959155
959318
959741
958597
958990
959804
959617
960300
961336
962259
962783
963715
963280
963519
963711
963006
963388
962993
963051
963004
965192
968986
959858
958103
960717
962288
962755
963851
964562
964138
965087
965111
965153
966508
967369
967138
967276
968077
967315
967197
966172
966528
966967
965376
964130
963668
963267
962265
962003
960883
960220
960204
960139
960937
960625
959419
959963
960532
960663
961163
961574
961425
961999
962134
961606
961401
960364
960289
960190
959017
958618
957892
957242
956376
955915
954657
954770
954998
954561
955253
955099
954660
955468
955992
956154
957065
957660
957443
958309
957573
956811
956925
955802
955839
954967
953864
953615
952434
951865
951472
950776
949245
949311
949151
949406
949824
948662
948708
948623
948404
948675
948608
948902
949237
949405
948385
947647
947213
945931
945409
944266
943215
942506
941307
940510
939737
938504
937378
937607
937065
937333
936768
935101
934574
934416
934122
934985
934496
933961
933951
933869
932747
932292
930883
929825
928953
927454
926227
925013
923676
924927
928704
918006
914518
916945
917223
917513
917173
916309
915842
915716
915777
915689
916030
915512
915527
915011
914180
913636
912508
911693
910768
909681
908670
908109
906931
906408
905971
904450
903875
903187
903067
903881
902929
902343
902806
902486
902741
903115
903010
902396
903088
902128
901692
901182
900168
899779
899627
898621
897946
896893
895667
895568
895429
893478
893742
893865
893949
894154
893404
893874
894272
894608
895008
895059
894845
895155
896036
895325
895635
894873
894694
894987
893904
892329
892451
891371
890069
889352
889235
888569
888870
888857
889348
889674
888744
889123
890420
890394
890778
891554
891815
892343
893170
893337
892999
892134
892282
892631
891493
891731
891912
890310
889838
889818
888927
888674
889535
890120
890421
890021
889881
890702
891382
892163
893441
893574
893593
894674
895192
895350
895170
894124
894132
894493
893914
893030
893079
892387
891679
894155
897291
888490
887159
889527
891463
892029
891945
892808
893213
893588
894453
894980
895168
896467
896116
896004
895564
895330
895798
895495
894671
894224
894021
893511
893427
894013
893408
894247
894155
894679
895261
895315
896589
897612
897981
899088
900223
900987
901817
903173
903501
904326
904369
904519
905775
905274
905546
906097
906550
907157
907620
907988
908257
909755
910617
912165
913281
913393
914759
915771
916885
918043
919428
920302
921784
922713
923010
923511
923315
924171
924945
924345
924320
924756
924123
924328
925172
925054
925213
926759
927771
929241
930013
929919
931160
932735
934077
935880
937367
937839
939911
940745
941374
941831
942202
942934
943164
943478
943836
944230
944040
943924
944696
944294
944751
945052
945665
946468
946830
947454
948134
948796
949730
950895
951480
951608
953410
954530
954825
954325
953743
954595
954856
954813
955486
956099
956397
957204
957968
960246
965572
957795
957806
962093
963205
965297
967267
969024
970692
972068
973444
974767
976548
976958
978337
979363
979884
980749
980958
981188
981861
982305
982055
982577
982226
982477
983664
983884
984871
985162
985220
987079
988486
988961
990699
991957
993005
994447
995246
995595
996991
997539
998213
999848
1000148
1000628
1001407
1000784
1001179
1002103
1001947
1002608
1004311
1004766
1006019
1007130
1007397
1008959
1010512
1011592
1012932
1013758
1014062
1014278
1014030
1014468
1014312
1012979
1011993
1011660
1010588
1009335
1008392
1007043
1005994
1005858
1004183
1003788
1002701
1002111
1002015
1000590
999800
1000056
1000021
998926
998471
997829
996525
996278
994439
992905
991180
989034
987531
985634
982854
980735
978658
975534
972873
971569
969210
967987
966004
964605
963024
960157
959349
958495
956154
954916
953929
952106
950387
948661
945979
944142
941994
939739
938138
935499
932898
931267
929058
927156
925425
923501
921825
924171
927118
917208
914883
917028
918963
920039
919983
920657
921435
920977
921428
921900
921697
921694
920750
920370
920138
919082
918916
919314
918339
918217
918329
917653
918093
918211
918302
918777
919238
919970
921225
921047
920792
921897
921986
921368
921630
920966
921001
920672
919032
919230
918228
915994
915487
914714
913612
913200
912674
911286
911435
911240
910693
910840
910473
910008
910258
910487
911197
911926
911640
911475
912751
912081
911518
911803
911871
911484
911206
911358
911048
910670
910620
911189
911879
911937
913176
913623
914954
916001
916695
918554
920565
921374
922919
924243
924973
925797
927015
927054
927264
927739
928486
928435
927335
926784
926961
926727
925937
926512
926686
926720
927120
927116
928428
929315
929085
929930
930336
930376
931056
931892
931359
930929
930570
929338
928657
927572
925935
924548
922797
921500
920201
918471
916537
916562
915255
913940
912907
911680
913929
917441
907263
904555
906638
906656
907180
906787
905162
904235
902081
900604
899228
897111
895183
893366
891405
889712
887947
886000
884293
883151
881601
880439
879246
878562
878059
876938
876289
875713
874908
874652
874113
873086
871958
871110
868828
867892
867033
865505
864035
861880
860006
859221
857539
855196
853808
852943
851777
851546
850950
850405
849857
849298
849897
849949
849290
849090
849074
848397
847995
847882
846628
846052
845548
844498
843007
841466
840806
841015
839985
838349
838216
838909
838506
839017
838855
839567
840296
840979
841838
841914
842222
843125
843812
843770
843195
843212
842936
843023
841923
840926
840551
839332
839055
839082
838458
838117
838382
838250
839063
839959
840597
841625
841955
842995
844897
845559
846163
847474
848631
848327
848627
848824
849115
849104
847926
847377
846850
846420
846007
845700
844295
843640
844375
844143
844866
845227
845948
846949
849846
855269
846600
845078
849066
851657
852467
852389
853054
852029
851770
851267
850913
850783
849433
848302
848256
847609
847649
847377
847440
847706
848548
848457
849331
850273
850965
852469
853046
853233
854682
855918
855971
856548
856809
856194
856313
856157
855520
855008
853786
853449
853844
854665
854223
854201
854943
855252
856107
855985
857242
858124
858971
860275
861155
861891
863036
863982
863888
864107
864116
864007
863935
864084
863422
862162
861057
860907
861317
860413
859670
860415
860589
860541
860718
860986
861994
862887
863717
865032
865127
865150
865778
866064
865948
865910
864907
864344
864492
864237
864129
862979
861707
861638
861361
860950
860954
861662
861139
862434
862871
863390
864412
865123
866732
867949
868474
868782
869778
870872
870569
871159
870487
870633
870703
870063
869934
869394
868880
868777
868492
868513
868376
868888
869277
870501
870780
871754
873033
874300
878198
883469
874054
872238
876385
877817
878203
878767
878141
877894
877980
877529
876418
874799
874340
873985
872738
871995
871788
871643
871740
872285
872001
872597
872904
873694
874858
875445
875607
876144
876480
876042
875823
875013
873862
873491
872242
871470
870787
868908
867477
866381
865344
864303
864252
863900
863890
863453
862811
862904
863074
863197
863490
863862
864113
864680
864647
863673
863015
862020
861457
860643
859401
858029
856557
854669
853784
853216
852473
851404
851518
850907
851058
850751
850849
850765
850463
851460
852601
852626
852129
852451
852478
851376
850899
849573
848511
847691
846434
844867
842531
841026
840349
838997
837588
836991
836684
835505
835058
834877
834460
834587
834752
835414
835506
834902
834865
835187
834449
834204
834143
833186
832588
831129
829852
828700
826698
824879
824204
823027
821814
821546
820429
819711
820021
819781
819400
819372
819564
819997
822150
825982
817161
815232
817367
817792
817632
816899
815732
814355
813305
812018
810217
809044
807778
806217
804983
805053
804703
804469
804692
804289
804000
804302
804919
805496
805139
805434
805812
805471
805008
805012
803331
802384
801414
799930
799106
797168
795175
794773
794072
793483
792969
792706
792535
794090
794591
794589
795030
795399
796808
798437
798952
800179
800939
801445
801226
801699
801480
800885
800998
801100
801035
800355
799892
799813
799825
799666
800944
802359
803067
804501
805345
806909
808628
810397
812876
814442
815807
817865
820169
821277
821672
822959
823669
824347
824882
825247
825508
825631
825921
825968
826448
827535
828749
829286
830534
832488
833773
835281
837062
839200
841481
842869
844575
846475
847809
848460
849545
849901
849844
850744
851128
850830
851280
851241
851517
851517
851072
850836
851999
852472
853260
854083
854616
855866
856846
858352
860122
860605
863933
869170
860945
859280
862736
863936
864437
864576
864603
864290
863708
863424
864073
863834
863573
864223
865187
865348
866517
867692
868235
869791
871191
872648
874019
874948
875883
877299
877956
878023
878554
878750
878587
878070
877466
877251
876547
876136
876739
876751
876379
876752
877412
878026
879179
879610
881091
882476
883556
885387
886984
888124
888657
889497
889802
889804
889910
889844
890514
890075
889769
889459
888019
888108
888415
887289
886967
887655
887439
887834
889377
890339
890810
891388
892272
894217
895161
895707
896651
897521
897592
898130
897812
897726
897196
896343
895889
895259
893733
893246
894193
893704
893021
893687
893669
894283
895121
895660
896475
897075
898683
900100
900783
901026
901987
902980
903019
903185
902191
902113
901947
901781
900638
899659
899757
900116
899302
898567
898973
899513
899733
900765
901497
902618
903214
903667
904882
906033
907443
908351
911491
916058
906337
904357
906670
907578
907658
907085
906074
904048
902491
902267
901593
900592
900207
899754
899220
899838
899508
899871
900388
900027
900521
900325
899507
899904
899721
898549
897184
896131
894423
892960
891161
889327
886950
884146
882381
880189
877795
875978
875241
873617
871529
870746
869225
867709
866997
866288
865566
864347
862774
861022
859274
857465
855651
853022
851020
849085
846230
842963
840288
837127
834005
831534
828324
826040
823867
821724
820084
817710
815778
814077
812096
810683
809216
806834
804530
802776
800632
797506
794703
791722
788761
785673
782452
778056
773977
770378
766907
763562
760280
756781
753750
750418
747990
745213
742855
740294
737571
735842
733880
730878
727863
725020
721843
718101
714697
710588
707188
703347
699035
694917
689604
685411
681687
678255
674063
669815
666506
663211
660636
657333
653888
651058
648276
645639
641992
638628
635385
631838
629432
629313
616584
608800
607446
604070
599052
594325
588633
583637
579517
574142
568697
565046
561158
556566
552563
548452
544408
540466
536981
533528
528745
523681
519686
515657
510366
505171
499807
494001
488270
483003
476782
470219
463768
457884
452179
446148
440019
435478
430836
426421
421471
416009
411039
406639
402382
398344
393576
388331
383845
379039
373363
367898
361546
355775
349696
344011
338484
332403
325548
319200
313521
307949
302513
297711
292921
288755
284248
279860
275808
271381
267433
263569
259201
255422
251592
247124
242154
238232
233295
228446
223917
219381
215304
210571
206022
202179
197964
193986
190631
187683
184339
181607
178960
176277
173609
170806
169067
167093
163946
161412
158326
154556
151027
147490
143186
139591
135565
131462
127309
122605
118876
115831
111882
107679
105063
102429
100135
98378
96315
96748
99678
89906
87272
87795
87113
86373
84763
82086
79415
76634
74653
72072
69455
66967
63732
60400
57995
55299
52541
50588
48648
46532
45439
44729
43467
42376
41778
41370
41521
39989
39520
39931
39154
38140
36851
35823
34540
32782
30968
29763
27695
25630
24630
23419
21757
20696
19989
19101
19360
19047
18918
18616
18912
19090
19493
19940
20016
20212
19455
17888
17754
16793
15491
14452
13140
11923
-9555
-8224
-7260
-5809
-4628
-3957
-2950
-1908
-2250
-1926
-1156
-738
-1351
-2002
-1621
-1209
-1266
-1407
-776
-175
183
1425
1774
2484
3137
3603
4928
5104
5062
5998
6622
5674
5035
4299
3451
3158
2655
1879
1349
116
-401
-1181
-2134
-2252
-1910
-2208
-2145
-1387
-436
-257
629
941
1742
1897
2178
2829
3010
2311
2302
1909
1434
899
689
183
-656
-1724
-2295
-2045
-2501
-2609
-2589
-2001
-853
-490
-133
720
2037
3083
4207
4975
5697
5869
5923
5364
5416
4939
4539
4582
3623
2653
1675
470
96
-968
-1768
-1753
-933
-812
-51
126
619
1371
1436
2679
3691
4128
4787
5034
4317
3636
3483
2952
2899
2247
1193
873
-461
-1480
-1528
-2518
-3143
-2971
-2647
-2196
-1786
-1351
-528
-106
709
2511
3154
3096
4089
4863
4824
4586
4480
3913
3723
2962
2149
1760
198
-386
-405
-1324
-1956
-1718
-1951
-1690
-997
-336
270
842
1499
2965
3681
3957
4677
5159
4633
4271
3832
3469
2965
1671
1393
137
-626
-1152
-1693
-2551
-3226
-3317
-2845
-2222
-1913
-1379
-744
285
1076
2346
2839
3018
3574
4166
3817
3762
3402
3167
2743
1931
1444
460
-431
-1115
-1629
-2532
-2790
-2610
-2440
-1697
-1598
-840
61
456
2154
2876
3247
3790
5155
5071
3877
4382
3899
3284
2426
2120
1185
-131
-500
-695
-1789
-2293
-1971
-1973
-2173
-1115
-881
-665
86
453
1750
2597
2578
2990
3728
4079
4281
3864
3426
3126
2375
1742
844
-82
-415
-1458
-1880
-2424
-2625
-2875
-2595
-2036
-1293
-608
-41
1022
2295
2550
3149
3977
4517
4372
4205
3467
3323
3371
2165
888
39
140
-499
-1050
-1534
-1834
-1781
-2255
-1895
-1653
-1053
207
1006
1718
2567
3054
3395
4447
4450
3458
3960
3478
3371
3103
2122
1260
13
-635
-259
-1522
-2710
-2521
-2111
-1903
-1176
-901
-146
612
877
2364
3242
3038
3629
4527
4856
4243
3792
2921
3064
2950
1769
1020
-94
-850
-1069
-1733
-2825
-2403
-1801
-1921
-1628
-1196
-252
147
804
2764
3595
3702
4680
4615
4132
4389
4062
2947
3163
2466
1195
143
-478
-493
-588
-1632
-2504
-2283
-1994
-1682
-1362
-1074
-399
783
1551
2387
2759
3182
4344
4646
3942
4180
4060
3759
2745
1696
1075
-93
-530
-768
-1193
-1481
-1566
-1833
-2210
-1597
-1274
-528
415
661
1674
2862
3156
3739
4705
4511
4316
4369
3226
3156
2636
1946
1288
-219
-1548
-1355
-1871
-2932
-2872
-2376
-2514
-1580
-1650
-980
27
337
1542
2451
3169
4541
4766
4401
4586
3924
2260
2384
2697
1575
1228
-363
-1242
-1119
-2120
-3249
-2849
-2758
-1860
-908
-1073
-544
440
700
2053
2497
2800
4399
5259
5035
4619
4546
3136
2262
1872
1368
889
-578
-990
-1298
-2523
-3095
-2119
-2121
-1732
-1406
-1294
-444
422
1304
2517
3392
3593
4344
4632
3982
4484
3625
2495
2263
2114
1289
447
-529
-839
-1365
-2449
-2791
-2072
-2004
-1452
-1565
-1504
145
771
2010
3474
3658
3852
4535
4724
4048
4600
3922
3643
3267
2292
1284
-84
-141
-31
-949
-1750
-2258
-2033
-2056
-1237
-1148
-751
108
526
1804
2302
2561
3846
4510
4326
3974
3852
2907
2614
1964
1448
962
-521
-1633
-1596
-2211
-3197
-3334
-3086
-2403
-1196
-1352
-311
772
747
1847
2846
3077
3645
4416
4190
4554
4159
3311
3545
2983
2003
949
-240
-633
-1182
-2272
-3047
-2956
-2446
-1760
-1695
-887
-423
580
1235
2336
2765
3349
4309
4417
4476
4790
4015
3514
3152
2057
983
339
-1096
-1549
-1808
-2835
-3198
-2289
-2421
-1759
-1015
-271
-358
-247
722
2612
3486
4332
4878
4387
3529
4291
3839
3540
2687
1374
779
447
-287
-1106
-1750
-2493
-2804
-2290
-2325
-1609
-1246
-430
-101
262
1267
2631
3388
3608
4210
4728
3697
3542
3246
3160
2685
1925
895
-322
-398
-254
-1416
-2739
-2540
-2502
-2390
-1918
-1469
-351
103
544
1911
2615
3164
3742
4345
4228
3869
3687
3204
3365
2400
1168
269
-785
-1308
-1380
-2278
-3217
-2720
-2974
-2533
-2012
-1380
-604
4
1119
2591
2833
3371
4072
4254
3909
4050
3812
3000
2584
1985
1344
690
-727
-1121
-1644
-2990
-3111
-2189
-2438
-1996
-1618
-1061
-191
403
1579
2574
3018
3777
4323
4270
4126
4492
3174
2931
2190
1322
912
-62
-1034
-1203
-1738
-2857
-3046
-2708
-3077
-2047
-1481
-1396
-523
966
1856
2639
3112
3481
4425
4760
4194
3930
2711
2390
2253
1468
963
-171
-792
-974
-2033
-2722
-3157
-2992
-2448
-1482
-1115
-410
405
951
2341
3066
3266
4298
4343
4186
4264
3753
2979
2757
1742
1089
1073
-461
-1152
-1561
-2761
-3055
-2455
-2320
-1801
-2243
-1649
-362
233
1242
2796
2690
3035
4081
4595
3959
4093
3448
2717
2143
1387
1619
522
-1470
-1597
-2141
-2705
-3092
-2737
-2484
-2103
-1669
-1301
-6
698
1414
2409
3338
3982
4635
4427
4159
4620
3737
2798
2021
1855
1101
-49
-838
-1253
-2009
-3112
-3345
-2758
-2576
-1541
-1113
-570
-9
164
1889
2883
2850
3398
4130
4561
4081
3851
2815
2357
2134
1529
568
-809
-1183
-1354
-1890
-2880
-2706
-2759
-2905
-1950
-1119
-541
-278
503
2248
2754
2995
4072
4092
4114
4331
3727
2838
2200
1301
695
228
-836
-1557
-1531
-3096
-3399
-2305
-2615
-2628
-2148
-1723
-999
-419
742
2473
2774
2833
3806
4718
3696
3548
3060
2542
1831
600
708
433
-716
-1199
-1588
-2890
-2822
-1774
-2350
-1926
-1396
-1310
-521
214
1033
2284
2630
3111
4306
4652
4419
4114
3253
3080
2654
1881
996
-135
-635
-1092
-1515
-2933
-3191
-2229
-2739
-2280
-1741
-1183
511
1219
1998
2855
3185
3585
4124
3607
3303
3587
2647
2804
2380
1179
412
-808
-1606
-1978
-2386
-3013
-3593
-3835
-2684
-1661
-1693
-893
110
699
1789
2265
1970
3107
3727
3777
3780
3448
2677
2365
2111
1390
208
-1537
-1090
-1029
-2568
-2597
-2900
-3446
-2657
-2013
-1253
-378
-238
201
1634
2200
2383
3381
4097
3589
3752
3156
2266
1833
1395
719
-211
-709
-1280
-2073
-3093
-3274
-2986
-3293
-2545
-2323
-1446
-555
78
708
2172
2652
2865
3478
3752
3650
3678
3012
2510
2258
1232
734
-355
-1548
-2004
-2806
-3827
-4100
-3135
-3324
-2757
-1947
-1108
-145
272
1448
2073
2120
2999
4187
4278
4076
3841
2535
2832
1965
814
699
-801
-1903
-2317
-2440
-2901
-3156
-3054
-2887
-1635
-1460
-852
-131
457
2145
3014
2815
3300
4223
4322
3793
3545
2606
2173
1493
995
465
-1466
-1606
-1866
-3110
-3182
-2735
-2796
-2218
-1959
-1886
-1109
-464
853
1992
2445
3394
4080
4369
4137
3956
3841
2780
1797
1448
1077
291
-778
-1405
-2514
-3043
-2851
-2446
-2585
-1907
-1758
-1665
-196
187
1257
2383
2736
3876
4812
4811
3890
3732
2545
2803
1966
1249
757
-184
-1649
-1909
-2336
-3450
-3136
-2261
-2695
-2539
-1961
-1143
-433
107
1866
2891
2553
3261
4242
4117
3909
4046
2857
2624
2185
1810
1088
-484
-1172
-675
-1579
-2514
-2528
-2652
-2427
-1257
-968
-873
-301
242
1882
2758
2913
3522
4030
3446
3276
3390
2967
3112
2016
1138
149
-831
-1069
-1796
-2857
-3574
-3101
-2908
-2727
-2078
-1651
-1283
-503
827
2362
2505
2707
3468
3753
3562
3569
2993
2990
2410
1997
1802
130
-1697
-2058
-2480
-2930
-3248
-2758
-3002
-2507
-1700
-1276
-931
383
1594
2688
2595
3062
3970
4302
3861
4188
3034
2706
2171
1353
870
-367
-1293
-1583
-2137
-3395
-3103
-2410
-2837
-2106
-1412
-1013
-686
155
1601
2672
2490
2996
3792
3993
4069
3488
3237
3292
2419
838
232
-466
-1176
-1718
-2916
-3158
-3020
-2801
-2524
-2131
-1712
-1184
-517
299
1276
2610
3037
3684
4119
4025
3562
3343
2778
2639
1995
1029
163
-1378
-1806
-2320
-2880
-3345
-3418
-3160
-2551
-2076
-1365
-800
5
649
1540
1995
2376
3477
4191
3399
3208
2932
2910
2759
2265
1246
263
-996
-1158
-1590
-2851
-3105
-2700
-2980
-2404
-2213
-1448
-1060
105
1530
2459
2726
2883
3743
4259
3663
3619
2956
3008
2061
1355
694
-958
-1910
-2274
-2639
-3181
-3598
-3136
-2965
-2454
-1940
-958
-478
55
754
2002
2333
2927
4171
3894
3619
3623
2954
2806
2034
761
421
-316
-1389
-2479
-3060
-3450
-3289
-3182
-2802
-2107
-1972
-1277
-681
169
1726
2255
2125
3545
3966
3362
3039
2972
2467
2607
1754
980
1
-1662
-1782
-2271
-2830
-3110
-3115
-3592
-2663
-2219
-2006
-1005
-120
1005
2059
2180
2247
3262
3667
3118
3724
3398
3076
2812
2019
803
-559
-1608
-1204
-1876
-3144
-3318
-3211
-3165
-2638
-2340
-2052
-1445
71
1018
2468
2724
2613
3445
4194
3656
3791
2185
1645
1468
1247
1135
-95
-1584
-1662
-2459
-3647
-3501
-3638
-3736
-2502
-2125
-1854
-788
-137
946
1827
2676
3766
4490
4249
3540
3262
2607
2254
1609
1696
931
-883
-1427
-1571
-2845
-3639
-3339
-3114
-3074
-2650
-2447
-1105
-219
660
2204
2620
2733
3431
4159
4209
3923
3577
2933
2576
1767
801
-45
-1654
-1656
-1812
-2993
-3665
-3338
-3051
-2424
-2169
-2052
-1051
-647
91
1644
1935
2455
3991
4303
3603
3719
3221
2655
2677
1578
1206
121
-1540
-2091
-2492
-3409
-3349
-3382
-3554
-2476
-2148
-1798
-1200
-336
1163
2733
3023
3399
4081
4235
3462
3775
3122
2297
1661
1636
1304
-269
-1627
-1909
-2593
-2954
-2988
-2724
-2898
-1976
-1997
-1665
-680
31
1696
2128
2699
3497
3730
3367
3489
3588
2458
2342
1917
1158
323
-1379
-2161
-2037
-2777
-3203
-3167
-2929
-2744
-2367
-1814
-1111
-361
-44
1464
2530
2620
3126
3908
4400
4453
3431
2597
2234
1560
1225
436
-1563
-2175
-2052
-2444
-3244
-2981
-2840
-2313
-2048
-1899
-1604
-1251
240
1657
2219
3046
4325
4845
4474
3721
2842
2498
2230
1743
764
-176
-1171
-1632
-2072
-3460
-3964
-3056
-3654
-2418
-1614
-1345
-1000
-270
1129
1832
2173
3070
3779
3908
3746
3761
3464
2921
1812
1072
345
-871
-1184
-1478
-2401
-3506
-3372
-2585
-2954
-2017
-1846
-1483
-333
258
1513
2554
2758
3158
3509
3358
3624
3679
2004
2160
2065
1205
63
-1275
-1298
-1733
-2425
-3262
-3673
-3845
-3248
-2432
-2063
-1000
-56
112
1699
2714
2815
3656
4281
3946
3968
3550
2769
2406
1408
1329
806
-872
-1345
-1455
-2624
-3417
-3119
-3165
-2476
-2346
-1489
-941
-616
575
2300
2780
2762
3885
4170
3902
3893
2881
2748
2429
1868
962
-471
-1512
-1688
-2189
-3068
-3901
-3853
-4197
-3721
-2789
-1445
-807
-198
923
2116
2144
2396
3060
3516
3679
4108
3113
2917
2042
1531
572
-587
-1903
-2038
-2285
-3023
-3107
-2489
-2524
-1915
-1540
-602
-140
81
1364
2193
2522
3563
3824
3946
3917
3196
2452
2482
1915
1109
267
-1205
-2352
-2485
-2857
-3229
-2815
-2279
-2147
-1728
-1837
-1190
-300
389
2268
2695
2523
3178
3666
4262
3584
3007
2723
2938
2302
1406
186
-1299
-1493
-1980
-3057
-4044
-3409
-3126
-2384
-1954
-1724
-1026
-125
1036
2314
2711
2952
3540
3985
3346
3459
3067
2528
2296
1760
953
-83
-1307
-1533
-2604
-3292
-3693
-3405
-3143
-2678
-2321
-1672
-1285
-394
628
1706
2538
3068
3686
3805
3463
4107
3193
2986
2594
1247
581
-419
-964
-1207
-1987
-2888
-3292
-3057
-3348
-2580
-2059
-1512
-800
534
1526
2219
2825
3437
3851
3949
3948
3112
2306
2780
2174
1353
