ets Jul 29 2019 12:21:46

rst:0x1 (POWERON_RESET),boot:0x13 (SPI_FAST_FLASH_BOOT)
configsip: 0, SPIWP:0xee
clk_drv:0x00,q_drv:0x00,d_drv:0x00,cs0_drv:0x00,hd_drv:0x00,wp_drv:0x00
mode:DIO, clock div:1
load:0x3fff0030,len:4980
load:0x40078000,len:16612
load:0x40080400,len:3480
entry 0x400805b4
1094531
1097052
1100946
1092414
1090349
1093567
1094321
1093297
1093623
1093499
1092553
1092306
1091993
1090450
1090516
1091052
1090340
1090881
1090941
1091456
1093250
1093067
1092824
1092874
1093612
1095243
1096116
1095569
1096106
1096903
1096293
1096389
1095894
1094703
1095023
1094641
1094248
1093791
1093052
1092392
1093150
1092467
1092033
1093122
1093515
1094132
1094430
1093955
1094884
1095969
1096519
1096988
1097840
1097540
1097862
1098398
1098665
1102580
1103638
1092950
1093736
1095165
1095789
1095638
1094296
1094155
1094732
1094396
1094090
1094656
1094624
1095919
1095940
1095484
1096254
1096822
1097271
1098764
1098598
1097615
1099069
1099627
1098652
1098564
1097524
1097482
1097178
1095906
1095853
1095864
1094738
1094766
1094365
1093454
1093335
1093676
1093674
1094794
1094924
1095065
1095841
1095777
1096324
1097801
1097411
1096994
1097791
1097227
1097143
1096920
1095609
1095368
1095238
1094128
1093972
1093331
1092533
1092793
1092520
1091527
1092258
1092327
1092451
1092684
1093003
1093608
1094059
1094421
1095110
1095546
1095737
1095944
1096314
1096049
1096471
1095892
1095186
1094816
1093980
1093113
1092782
1092053
1091792
1091850
1091563
1090722
1091412
1091742
1092186
1092731
1092532
1093060
1093556
1093853
1094934
1095758
1095669
1095579
1095848
1095748
1095804
1094843
1094324
1094492
1093686
1093796
1093459
1092051
1091225
1091288
1090828
1090878
1091288
1091030
1091941
1093083
1092588
1092937
1093657
1094888
1095906
1096271
1095641
1095959
1096140
1098360
1102743
1092977
1090188
1093006
1093290
1093867
1093704
1091975
1091640
1092083
1091519
1091667
1092153
1092024
1093115
1093069
1092990
1094242
1094925
1095393
1096368
1097116
1096661
1096887
1096524
1096759
1096848
1095453
1094997
1095548
1094812
1094716
1093836
1092830
1092759
1092997
1092206
1092170
1092518
1093927
1095352
1095386
1094598
1094451
1095389
1097326
1098440
1098044
1097435
1097675
1097425
1097361
1096938
1096545
1096643
1096024
1095375
1094688
1093369
1092673
1093620
1094207
1093132
1093282
1094028
1094570
1095045
1094867
1095268
1095878
1096581
1097535
1097714
1097456
1098025
1098440
1097915
1097250
1096562
1095556
1095558
1094991
1094241
1094001
1093192
1092826
1093485
1093579
1092975
1093182
1092713
1093381
1094495
1094603
1095125
1095335
1095714
1096802
1097705
1097598
1097852
1097695
1096458
1096747
1096622
1096036
1095405
1094017
1094292
1093928
1092558
1092959
1093663
1092829
1092718
1093000
1092847
1093923
1094351
1094861
1095646
1095605
1095421
1096218
1096566
1097018
1097731
1097269
1096935
1099156
1101819
1091882
1090447
1092150
1092902
1092787
1092252
1092568
1092519
1091984
1092335
1092546
1092442
1093767
1094085
1094053
1094908
1095067
1095819
1097034
1097095
1097370
1097254
1095876
1095692
1095822
1095196
1095022
1094597
1093576
1093417
1092881
1091934
1092170
1092708
1092385
1092644
1092332
1093106
1094461
1094149
1094958
1095161
1095299
1096113
1097008
1097108
1097310
1097590
1096523
1096356
1095989
1095194
1095212
1094328
1093728
1093797
1092830
1092320
1092555
1092017
1091546
1092623
1092926
1093832
1094624
1094491
1094868
1095019
1094977
1096205
1096808
1096283
1096640
1097164
1096752
1096614
1095475
1095077
1094970
1094333
1094223
1093626
1092308
1091935
1092724
1091794
1091342
1092250
1092402
1093662
1094218
1093567
1094559
1095085
1095415
1096007
1096258
1096117
1096942
1096665
1095946
1095840
1094552
1094850
1094792
1093640
1093151
1092966
1092588
1092083
1092194
1091594
1091906
1092276
1092773
1094081
1093828
1094106
1094567
1095010
1095975
1097059
1097009
1096545
1097268
1096968
1097081
1097016
1097709
1101553
1092444
1090143
1092684
1093338
1093056
1092737
1093140
1092541
1092754
1093150
1093901
1095151
1094251
1094499
1095468
1096025
1096572
1096997
1096757
1097126
1097861
1097017
1096936
1096403
1095535
1095931
1095485
1094428
1094111
1093462
1092590
1092813
1092454
1091762
1092715
1092868
1094197
1094600
1094273
1095072
1095494
1096049
1096788
1096953
1096785
1097210
1097838
1096878
1097354
1095937
1095124
1095492
1094255
1094110
1094379
1093201
1092492
1092662
1092254
1092103
1092635
1092445
1093381
1094135
1093434
1094285
1095065
1095727
1096754
1097052
1096462
1096904
1097267
1096916
1096653
1095697
1095594
1095306
1094144
1094049
1093941
1092557
1092422
1092655
1092246
1092787
1092836
1092923
1094297
1094849
1094952
1095607
1095105
1095812
1097198
1096747
1096687
1097243
1097035
1096450
1095648
1095391
1095824
1095397
1094558
1094135
1093726
1092314
1092342
1092768
1092129
1092068
1092421
1092945
1093750
1093859
1094245
1094779
1095106
1096217
1096814
1096559
1097014
1097676
1097007
1096899
1096219
1095396
1095487
1096582
1100273
1091470
1088816
1091069
1092470
1092543
1092574
1092622
1092110
1093101
1093988
1093563
1094373
1095075
1095608
1096727
1097226
1096083
1096405
1096827
1096412
1096409
1095275
1094936
1095041
1093917
1093310
1093131
1092370
1091808
1092076
1091591
1091267
1092097
1092231
1093138
1093092
1093113
1094751
1094941
1095288
1096914
1096413
1095648
1095859
1096293
1095923
1096019
1094729
1094122
1094053
1093035
1093062
1092551
1091415
1091691
1092003
1091470
1091417
1092001
1092112
1093169
1093297
1093742
1094679
1094518
1094758
1096272
1095932
1095907
1096968
1096290
1095827
1095738
1094714
1094986
1094477
1093204
1093030
1092809
1092050
1092036
1091712
1091279
1092144
1092769
1092912
1093550
1093211
1094005
1094671
1095143
1096076
1097006
1096753
1096900
1097425
1097004
1096863
1096383
1095895
1095988
1095474
1094807
1094316
1093303
1093001
1093543
1093381
1092821
1093620
1093497
1094047
1095318
1094894
1095850
1096775
1096848
1097554
1098612
1098338
1098490
1099059
1098773
1099237
1098242
1097300
1097761
1096464
1097142
1102365
1093279
1089253
1092887
1094448
1094400
1095403
1095032
1095792
1096793
1096386
1097027
1097692
1098240
1099436
1099452
1099030
1099526
1099896
1099506
1099392
1098893
1098580
1098498
1097324
1097070
1096423
1095460
1095474
1095642
1095267
1095173
1095426
1095392
1096857
1097421
1097217
1097624
1097827
1098337
1099863
1100086
1100076
1100960
1100218
1099747
1099445
1098393
1098917
1098361
1097042
1097042
1096784
1095630
1095614
1096048
1095535
1095934
1095966
1095727
1096880
1097319
1097730
1097886
1098438
1099460
1100010
1099491
1100173
1100894
1100091
1100113
1099635
1098167
1098517
1098548
1097630
1097053
1096694
1095437
1095432
1095142
1094133
1095392
1095501
1095684
1096465
1096152
1096789
1097563
1097441
1098162
1099149
1098853
1098933
1099135
1098901
1098889
1097483
1096944
1097141
1096070
1095770
1095495
1093732
1093283
1093981
1093854
1093466
1094009
1094122
1094722
1095354
1095548
1096239
1096536
1097331
1098153
1098614
1097991
1098588
1099073
1098749
1098807
1097809
1097642
1097686
1096546
1096201
1098352
1101850
1092127
1090525
1092943
1094507
1095930
1095730
1096613
1096973
1097246
1097638
1097779
1098652
1100334
1100602
1100105
1100891
1100730
1100199
1100077
1099208
1098474
1098625
1097631
1097513
1097195
1096347
1096704
1097035
1096408
1096874
1097246
1097633
1098677
1098568
1098292
1099257
1099376
1100007
1101342
1100914
1101067
1101866
1100976
1099930
1099840
1099528
1098979
1098245
1097758
1097897
1096637
1095273
1095565
1095591
1094832
1095506
1095248
1095102
1095788
1095802
1096605
1097083
1097114
1098126
1099166
1098825
1098679
1099084
1098791
1098537
1097696
1096704
1096863
1095922
1095308
1095191
1094058
1093362
1093442
1092918
1092181
1092926
1093026
1093879
1094283
1094432
1095509
1095212
1095604
1097115
1097569
1096879
1097152
1097546
1097594
1097616
1096613
1095995
1095810
1095238
1094937
1095011
1094204
1093676
1093833
1093135
1093109
1094164
1093642
1094075
1094447
1094383
1095852
1096452
1096653
1097674
1098059
1097338
1098435
1098551
1098171
1098175
1096889
1096221
1095949
1095086
1094874
1094463
1096101
1100436
1091186
1088712
1091538
1092764
1092882
1094009
1094048
1094456
1095599
1095329
1095649
1096844
1097114
1097103
1097614
1097153
1096944
1097271
1096450
1096086
1095510
1094762
1094055
1093264
1092946
1093124
1093131
1092378
1092501
1092171
1092701
1093869
1093690
1094031
1095101
1095404
1096113
1097124
1096974
1097260
1097935
1097144
1096901
1096694
1095986
1096476
1095950
1095996
1096097
1094320
1094062
1094077
1094259
1094332
1094771
1094728
1095702
1096420
1096520
1097774
1098137
1098562
1100003
1100749
1100221
1101227
1101714
1101011
1101028
1100796
1100677
1100492
1100256
1100008
1099656
1098734
1098887
1099353
1099089
1098708
1099686
1099577
1100038
1101155
1101675
1103116
1103356
1103861
1105599
1105911
1106184
1107248
1106812
1106013
1106105
1105568
1105550
1106093
1105779
1105799
1105226
1104565
1104889
1104764
1104341
1104929
1105542
1105790
1106478
1106862
1107320
1107722
1108233
1109269
1110419
1110770
1111364
1112350
1111208
1111094
1111039
1110489
1110241
1110234
1109658
1109757
1109088
1108228
1111519
1116143
1106201
1104620
1107729
1108763
1110162
1110058
1110638
1111877
1111771
1112251
1113920
1113872
1113603
1113648
1113780
1114145
1113129
1112041
1112352
1112053
1111641
1111215
1109878
1109573
1109549
1109141
1109010
1109615
1109380
1109728
1110906
1110606
1110941
1110957
1111123
1112231
1112935
1112480
1112761
1112776
1112355
1112372
1111035
1110298
1110720
1109570
1109382
1108870
1106714
1106490
1107400
1106665
1106302
1106650
1106209
1107311
1107902
1107378
1107588
1107810
1107741
1108900
1109325
1108978
1109268
1108789
1108363
1108344
1106973
1106521
1106487
1105528
1105167
1104840
1103920
1103492
1103298
1102159
1102204
1103040
1102497
1103428
1103801
1103952
1104081
1103825
1104675
1105509
1105861
1106023
1106794
1106460
1106234
1106078
1104580
1105134
1105233
1103782
1103707
1102747
1101182
1101626
1101922
1101105
1101832
1101578
1102051
1103189
1102658
1103023
1104235
1104714
1105191
1106365
1106694
1106378
1107152
1107294
1107341
1106744
1105879
1106151
1105978
1105622
1105873
1104443
1103696
1104461
1107190
1110758
1102712
1101528
1104677
1106380
1106905
1108381
1108884
1109249
1110405
1111150
1111147
1111755
1112925
1112926
1113199
1112398
1111625
1112161
1111321
1111135
1111274
1110610
1110404
1110709
1110682
1110528
1111338
1112120
1112896
1113020
1112825
1114432
1115425
1115832
1117255
1118023
1116805
1117648
1118414
1118264
1118655
1117803
1117674
1117911
1116442
1116369
1116377
1115849
1115720
1115930
1115345
1114608
1115522
1115484
1116554
1117395
1116872
1118150
1118454
1119044
1120428
1120487
1120749
1121252
1120966
1120533
1120222
1119228
1119103
1118892
1117704
1117531
1116892
1115432
1115420
1115625
1115203
1115320
1115500
1116579
1117455
1116749
1116739
1117513
1117885
1118572
1118875
1118868
1119002
1119449
1119613
1119555
1119063
1117819
1117401
1116704
1116076
1116457
1115334
1113944
1114146
1114535
1114015
1114634
1114121
1114640
1115809
1115568
1115310
1115740
1116356
1116991
1117680
1117558
1117686
1118268
1117754
1118217
1117045
1115833
1116231
1114889
1114245
1114374
1113319
1112992
1112564
1112271
1114512
1118909
1109894
1108557
1112044
1112664
1113477
1113907
1114607
1115550
1116137
1115736
1115996
1116009
1115207
1115205
1114098
1113880
1113875
1112839
1113048
1112320
1110617
1110331
1110047
1109590
1109382
1110159
1109790
1110380
1110862
1110839
1110554
1110335
1111138
1112041
1112387
1112219
1112801
1112322
1111376
1111683
1110076
1109568
1110059
1109186
1108987
1108569
1107082
1106679
1106823
1106196
1106831
1107070
1106989
1108322
1107860
1108009
1108959
1109084
1109896
1111660
1111574
1111895
1112914
1112076
1112153
1111830
1110798
1110918
1110385
1109453
1110068
1109252
1108321
1109079
1108902
1108546
1109275
1109344
1109836
1110869
1110806
1111353
1112073
1112892
1113874
1114975
1114593
1114966
1115118
1114897
1114892
1114210
1113288
1113631
1113073
1112166
1111530
1110388
1109364
1109832
1109612
1109021
1109296
1108882
1109259
1110116
1109438
1109605
1109484
1109897
1110869
1111171
1110802
1110974
1110943
1110111
1110076
1109351
1108346
1108462
1106917
1106264
1105317
1103691
1103262
1103517
1102524
1102023
1105261
1109074
1101008
1099110
1100871
1103087
1103474
1103756
1104357
1104629
1104151
1104241
1104190
1103594
1103198
1101658
1100749
1100728
1099271
1098562
1097734
1096167
1095936
1096163
1094916
1094833
1095031
1095458
1095949
1095160
1094672
1095886
1096058
1096516
1097219
1096834
1096256
1097128
1096695
1095719
1095403
1094436
1093613
1092140
1091354
1091375
1090143
1088744
1088043
1087907
1086908
1086486
1086038
1086703
1087143
1086476
1085839
1085956
1085862
1086035
1086975
1086087
1085776
1086149
1084790
1084299
1083326
1082232
1082269
1080913
1079866
1079287
1077264
1075966
1076383
1075829
1075246
1074885
1073990
1074166
1074319
1073159
1073950
1073982
1073527
1074120
1074330
1073436
1073255
1073239
1072184
1071960
1070507
1069099
1068860
1067566
1066503
1065785
1064403
1063510
1062979
1062417
1061719
1061407
1060320
1061239
1061238
1060392
1061382
1061065
1060644
1060997
1060686
1059983
1060356
1059896
1058802
1057736
1056597
1056224
1055061
1053629
1053311
1051900
1050098
1049625
1049572
1048772
1048303
1048048
1049863
1054631
1045709
1043210
1047165
1047619
1047874
1049045
1048680
1048214
1048135
1048203
1047339
1046535
1045119
1044652
1043963
1042856
1042259
1041207
1039791
1039824
1039271
1037828
1037521
1037413
1037588
1037983
1037265
1037193
1037896
1037073
1037536
1038303
1037053
1036227
1036460
1035594
1035616
1034702
1033164
1032801
1031316
1029839
1029761
1028442
1027082
1026411
1025947
1024867
1024692
1024158
1024629
1025047
1023632
1023371
1023228
1022916
1023606
1024225
1023205
1022489
1022159
1021222
1021445
1019699
1018191
1017850
1016434
1015308
1014298
1012744
1011917
1011684
1010816
1010010
1009787
1008674
1009009
1008981
1008614
1009013
1008248
1008219
1008661
1008399
1007749
1007892
1007236
1006090
1005660
1004379
1003098
1002754
1000823
999853
998767
996995
996366
996076
995341
994511
994007
993071
993461
993201
992266
992100
991608
991575
991666
991344
990437
990594
990077
989036
988544
986536
985288
985085
983868
982871
981544
979961
979712
979045
976848
976960
976484
975789
978951
982822
973384
972059
974131
975484
976508
975813
975318
975096
974002
973867
973773
971985
971162
970560
969836
969002
967637
966051
966022
965781
965067
965141
964605
964961
965501
964610
965070
964754
964799
965952
966585
965349
964653
964905
963655
963763
962758
961517
961053
959976
959092
958369
956658
955662
955210
954166
953321
953900
952861
953203
953580
952768
952299
952047
952222
953035
952882
951621
950853
950349
949675
948933
947435
946516
946092
944751
943559
942612
941578
940774
940038
938415
937297
937613
936394
936289
936527
935830
936099
935929
935712
936283
936151
935404
934726
933855
933121
932363
930342
929709
929350
927736
927184
925859
924092
924179
923552
922640
922592
921912
921649
922179
921518
921485
921627
921127
921965
922360
922146
921720
921779
921900
921915
920989
920067
920575
919839
918500
918669
918537
917303
917387
916606
915851
916608
916921
917484
918626
918688
921084
925585
917040
916298
919777
920823
921785
922706
922050
922426
921655
920850
921293
920807
919770
919799
919937
919596
920105
919936
919525
920278
920275
921513
922098
921730
922915
923685
923686
924586
925360
924976
925237
925826
925195
925358
924294
923875
923862
923223
922774
921942
920831
920327
920357
920205
920058
920631
919516
919776
920707
920349
921091
921075
921166
922105
922410
921336
921591
921019
920733
920349
919104
918343
917822
916495
916343
915715
913986
913425
913369
911963
911310
911244
911443
912021
911751
911601
912003
911806
911979
913128
912657
912073
913085
912283
911617
911098
909935
909481
909055
908546
908350
907792
907008
907108
907386
906316
906938
907282
907780
908887
909506
910667
911270
911429
912684
914335
914655
915504
917038
916777
916707
917147
916552
917029
917354
917636
917956
917899
918353
918913
918631
918154
919445
920721
922037
922984
922811
924596
927955
932414
925018
924465
927253
929662
930428
929909
931005
930590
930334
931074
930559
931226
931247
930416
930494
931387
931726
932203
933842
933862
934748
935534
936228
938146
938670
939328
941378
942519
943153
944522
945608
946388
947000
947320
948300
949161
948728
949582
950870
951354
952558
953515
953553
954847
956644
958101
959649
960449
961820
963452
964437
965762
967967
968770
969194
970828
971191
971670
972479
972561
973100
973023
972701
972911
972632
972140
972913
973479
973392
973570
973994
974266
975483
976203
977016
978299
978589
980092
981268
980675
981047
982579
982335
983143
982816
981868
982048
982583
982324
983191
982923
981914
983677
984496
984759
986512
987451
989615
990790
991580
994383
996264
997920
1000469
1002672
1003868
1005928
1009029
1010199
1012287
1013737
1015303
1018031
1019195
1021190
1023090
1024165
1025723
1028201
1029816
1032440
1035507
1037336
1040039
1043189
1045569
1048407
1050866
1055485
1062989
1056636
1056281
1061479
1064352
1066000
1068037
1069025
1070135
1071646
1072062
1073838
1074671
1074715
1076043
1077695
1078481
1079780
1081249
1082169
1084825
1086370
1086224
1088049
1089485
1091277
1094016
1094890
1095050
1097156
1097638
1098028
1098908
1098435
1098923
1099728
1099585
1100190
1100034
1099764
1099885
1099964
1099434
1100151
1100616
1101517
1102617
1102734
1103793
1104228
1103579
1104125
1105011
1104429
1104156
1104683
1104114
1104054
1103557
1102983
1102316
1101447
1100697
1100242
1099379
1098404
1098500
1097811
1096733
1097459
1097218
1097667
1098916
1098316
1098878
1099785
1099804
1100885
1102099
1101942
1102377
1103299
1102843
1102851
1102211
1101832
1102229
1101856
1101791
1101553
1100250
1100125
1100826
1100820
1100729
1102033
1102207
1102772
1103794
1104243
1105196
1105747
1106707
1108423
1109459
1109947
1110809
1111263
1111609
1112168
1111652
1112022
1112976
1112784
1113452
1113366
1112734
1113177
1114107
1114528
1115127
1115962
1116811
1118614
1119592
1120100
1121979
1122981
1124188
1127827
1132728
1124868
1123721
1127287
1129353
1129934
1129385
1129646
1130174
1130302
1130749
1130442
1129863
1130203
1130790
1130914
1131339
1131180
1131828
1133444
1134216
1134462
1134658
1134659
1135860
1136858
1137527
1138368
1139053
1138540
1138172
1137788
1137188
1137698
1138462
1138235
1138191
1137695
1137000
1137853
1138160
1138002
1139407
1139883
1141733
1143208
1144011
1145518
1146634
1147685
1149669
1151376
1151560
1152762
1154335
1154415
1155535
1156021
1156268
1157324
1157550
1158005
1158757
1158650
1158759
1160147
1160440
1160335
1161949
1162459
1163442
1164634
1164984
1166324
1166250
1166275
1167824
1168648
1168029
1168799
1169064
1169005
1169497
1167699
1166794
1167528
1166675
1166377
1165474
1164182
1163779
1163472
1162953
1162738
1162809
1162414
1163228
1163447
1162466
1162551
1162723
1162747
1163753
1163354
1162297
1162822
1162866
1161484
1160435
1159177
1158611
1158232
1156387
1155689
1154746
1152993
1152599
1151745
1150902
1150753
1149864
1149139
1149269
1148643
1147989
1147355
1146771
1147037
1146912
1147895
1150990
1141590
1138223
1140390
1140631
1138778
1137986
1136707
1135344
1134056
1132266
1130440
1130445
1129252
1127766
1127427
1126140
1125474
1125239
1124012
1123489
1123368
1122625
1122908
1122725
1121040
1119803
1119446
1117757
1117163
1115941
1113817
1112743
1111103
1109695
1108508
1106684
1104885
1104098
1103393
1102153
1102056
1100916
1100777
1100943
1099819
1100247
1099520
1099017
1099757
1099055
1098035
1098013
1097455
1096326
1096102
1094011
1091622
1091019
1089897
1088237
1086549
1084831
1084026
1082780
1080998
1079609
1079047
1077917
1077725
1076951
1074989
1074885
1074226
1073879
1074338
1073622
1072087
1071521
1070803
1070166
1069169
1067291
1066509
1065699
1063899
1063459
1062992
1061440
1060536
1060412
1058971
1058857
1058480
1057740
1058312
1057624
1057235
1057523
1056413
1055915
1056412
1055308
1054818
1054254
1052696
1051411
1050534
1048348
1046609
1045070
1043207
1041677
1039525
1037072
1036085
1034895
1032565
1031279
1029819
1028964
1028385
1026637
1025436
1024804
1023334
1022964
1022191
1019930
1021583
1025354
1014149
1010681
1011177
1010214
1009152
1006930
1005423
1003343
999959
997772
997078
995281
993188
991465
989173
987643
986296
984030
982410
980598
978490
977788
976484
973762
971889
970042
966195
963712
960650
958192
955944
951905
948380
945595
942049
939018
936656
933788
930672
927977
925361
923467
920876
918389
916851
914693
912991
911938
909877
907573
906433
905008
903378
902342
900542
899769
899773
898533
898642
898031
896897
897620
898336
898367
899167
900609
902021
903792
905234
906631
908710
909809
911844
914915
916613
917690
919078
920347
921280
922314
922527
923133
923492
924322
925889
926134
925855
927540
928984
928978
930824
932049
934022
936416
937700
939496
941464
943295
945861
948865
950509
952204
954024
954941
956880
958327
959268
961338
963349
965022
966246
966636
967657
970029
971772
973324
975757
976673
978886
981425
982506
984336
986526
988242
990842
992966
993946
995940
999766
1004017
996467
994961
997919
1000404
1001096
1001876
1002797
1003003
1002920
1003950
1004559
1004567
1004946
1005285
1006805
1007344
1007700
1008806
1008476
1008192
1009755
1009512
1008623
1008378
1007742
1006620
1005750
1003964
1002051
1001296
999179
998310
997679
995800
994878
995089
995018
995822
996188
996363
997739
998795
999996
1002011
1002648
1003244
1005042
1005870
1007259
1008742
1009208
1009919
1010182
1009701
1009996
1009573
1008224
1007916
1007527
1007065
1006762
1006332
1005496
1005182
1004333
1003835
1004506
1004025
1003280
1003650
1002660
1001900
1001330
1000798
1000810
1000687
999530
999325
998854
997715
997066
996169
994970
995176
994881
994388
994530
994835
994668
996018
996713
997662
999206
1000702
1002341
1003643
1005349
1008080
1010188
1011752
1014057
1017258
1019324
1021033
1022904
1024707
1027744
1029421
1031198
1033714
1035313
1036992
1040211
1043368
1045952
1048768
1051598
1055192
1058116
1060533
1064435
1067705
1070648
1074476
1077626
1080049
1083632
1087365
1092638
1099879
1094156
1095548
1102256
1106377
1111197
1115518
1118781
1123671
1129002
1133555
1139381
1144816
1149659
1155838
1161753
1167285
1173619
1178843
1184590
1190976
1196109
1199886
1205478
1210530
1215086
1220403
1224292
1228849
1233844
1238003
1242641
1247320
1251624
1257168
1263095
1268632
1274423
1280636
1286421
1293197
1300101
1306895
1313357
1319705
1327055
1334775
1340894
1347115
1353624
1359785
1366080
1372335
1377896
1384594
1390498
1395459
1400879
1407155
1412973
1418729
1424623
1430439
1436923
1443131
1448719
1455038
1460949
1466476
1472501
1478420
1484570
1490828
1495748
1500782
1506278
1511096
1515940
1520339
1524919
1530689
1535053
1539714
1544702
1548295
1552722
1557874
1562594
1567485
1572514
1577643
1582664
1587044
1591590
1596813
1601152
1605141
1609237
1613174
1616790
1620301
1623832
1626537
1630133
1632716
1635860
1639920
1642479
1646483
1650313
1653228
1656909
1662185
1666542
1670968
1676533
1681904
1687520
1692833
1698247
1704327
1709114
1714132
1720351
1724664
1729327
1734580
1739309
1743509
1750124
1757722
1751769
1753631
1760015
1766154
1770888
1773330
1777721
1782428
1787232
1791704
1796354
1800692
1805979
1811154
1816144
1821579
1826080
1830525
1836158
1840575
1844402
1849045
1852978
1856655
1859797
1862316
1865861
1869359
1872546
1875201
1877305
1879056
1882109
1885394
1887524
1890486
1892892
1895646
1898509
1900866
1903634
1906078
1908309
1910844
1913312
1915211
1916559
1918395
1919173
1920969
1922343
1922883
1923852
1924353
1924770
1925909
1926351
1926409
1927377
1928079
1928855
1929910
1929799
1930246
1930940
1931486
1932073
1931938
1931895
1932158
1931544
1929875
1929752
1928894
1926641
1925047
1922974
1920692
1918857
1916760
1914994
1913127
1910287
1908428
1907787
1906393
1904923
1904135
1902834
1902253
1901260
1900087
1899781
1897763
1896042
1895433
1893172
1890347
1888103
1884883
1881198
1878007
1874512
1870918
1867995
1863233
1860068
1857113
1852919
1849869
1847325
1844262
1841569
1839455
1836744
1834730
1832932
1831162
1829410
1826505
1824824
1823656
1821480
1819198
1817248
1814683
1812227
1809908
1809564
1811251
1799309
1795102
1795972
1794644
1792170
1790187
1788051
1786051
1784730
1782640
1782059
1780738
1778749
1777086
1775270
1773467
1772606
1771326
1769023
1766924
1765073
1762940
1761267
1759233
1757398
1755966
1754289
1752374
1750635
1749247
1747872
1747471
1746603
1745566
1745856
1745586
1745650
1746043
1745439
1746161
1746397
1746664
1747681
1747979
1747261
1747349
1748449
1748522
1749395
1749071
1748967
1749681
1750269
1751702
1753628
1754285
1755793
1758819
1761131
1763909
1767475
1770600
1774353
1777832
1781743
1786319
1789928
1793508
1798855
1803616
1807196
1812114
1816408
1820289
1825575
1829980
1834737
1840306
1845500
1851414
1857481
1863488
1870688
1877898
1884898
1892015
1900350
1908945
1917791
1926438
1934667
1943132
1951333
1959756
1968537
1976107
1982563
1990271
1997091
2002483
2008484
2013681
2018787
2022906
2026433
2030238
2033074
2035378
2037932
2039805
2040926
2042943
2044787
2045539
2046766
2047104
2047025
2047477
2047774
2047810
2048059
2046835
2045676
2045117
2043941
2043111
2042041
2040244
2039662
2041513
2045119
2034944
2031318
2034072
2035956
2036396
2036521
2038329
2038871
2039788
2040892
2041421
2043373
2044583
2045379
2047438
2049741
2050769
2051636
2053584
2054861
2056845
2059044
2060559
2063204
2065393
2067777
2070431
2073249
2076552
2080824
2085243
2089503
2094350
2099424
2105179
2110230
2116140
2122768
2128548
2135305
2142855
2150336
2157632
2165152
2172910
2181137
2190368
2198761
2207372
2217285
2226569
2237404
2248211
2258244
2269587
2281543
2292996
2304996
2317173
2329570
2341967
2354101
2366659
2379627
2391468
2403362
2416131
2428346
2439843
2452357
2463468
2474103
2485117
2495030
2505941
2516507
2526656
2537386
2547859
2557632
2568454
2579077
2588707
2599089
2609123
2618195
2627509
2637304
2645997
2654441
2662217
2669899
2677540
2683327
2689289
2695535
2700378
2705016
2709201
2712367
2716253
2719778
2723215
2726284
2728505
2730275
2733386
2735712
2737002
2739238
2740331
2741280
2742000
2742186
2743069
2743072
2741487
2740366
2739026
2736734
2734050
2731033
2726700
2722941
2718818
2714776
2710318
2704365
2701403
2700080
2683097
2673766
2671057
2666054
2659732
2653342
2645819
2638753
2630830
2622518
2614674
2606253
2597348
2588945
2580031
2569643
2559255
2548207
2536530
2524980
2512759
2501031
2489686
2476416
2464354
2452011
2437908
2423699
2409826
2395023
2379491
2363304
2345338
2327647
2308716
2287704
2267555
2245575
2222198
2199358
2174627
2148790
2122623
2094502
2065696
2036857
2006504
1975595
1944018
1911790
1879658
1845658
1810742
1777020
1742012
1706261
1671277
1634459
1596880
1559038
1520070
1480797
1439651
1396921
1354241
1310462
1264238
1216029
1167097
1115432
1062164
1008595
953628
898033
840665
783270
726417
668879
612006
557219
503343
451209
403249
357280
315355
279166
247427
219947
194290
168557
144342
123242
104256
88401
76255
68545
65248
51328
45324
45397
43260
40768
37239
32813
28620
24830
19374
13292
-7523
-449
6386
13144
19470
23823
27487
29791
30735
31900
33632
35035
36515
38699
38768
37774
37073
36402
36045
34592
33121
32377
30463
27952
25599
22858
19971
17443
15594
14783
14181
12940
11989
11296
8636
5914
3260
-347
-2808
-4650
-6973
-8909
11172
14246
15764
18117
20274
22135
23948
25488
27541
29487
31081
32060
33089
33655
33262
32469
30313
27182
23901
19078
13401
-8025
-2511
2396
6718
11403
15161
18191
21005
21652
21895
21869
20277
18507
17021
15054
13003
11355
10564
10880
11071
12400
14888
16964
19004
21919
25109
27593
30041
31194
31195
30168
27095
24190
20040
15100
10398
5691
-636
-6386
12003
17824
22206
25951
29308
31345
33112
33402
33328
33039
31941
29169
26376
23180
19608
15771
11335
-7648
-5318
-2795
-1944
-1748
-727
-1276
-1488
-1640
-2142
-3189
-2898
-3023
-2757
-1405
-230
1468
3343
4846
6571
9788
12116
14484
17207
18990
21357
23214
24608
26209
26050
25254
24744
23032
20395
18187
14618
10581
7831
4094
175
-3274
-7595
-9463
11616
14391
15565
16220
17200
17450
17319
16916
15757
14611
13429
11381
10127
-8577
-6074
-4787
-3873
-2904
-2741
-3410
-4304
-5098
-5406
-6200
-6684
-6512
-6930
-7281
-5522
-3851
-2050
321
2495
5025
8056
10805
12528
14034
15677
17698
19669
19840
19541
19986
18608
17200
15656
13016
10958
8641
6369
4266
1155
-2352
-4118
-5283
-6217
-6758
-7624
-7670
-6645
-6116
-4912
-4110
-3108
-1505
-500
-398
-99
226
-777
-752
-1470
-2668
-3163
-4752
-6098
-7034
-8822
-9038
-8416
-8208
-8170
-7419
-6674
-5226
-3256
-1888
652
2709
5147
7772
9161
9633
10928
12141
12108
12230
11490
11118
11003
10069
8917
7940
5547
4540
3756
1772
1012
619
-42
169
-12
302
988
1043
2166
2762
2558
2633
3089
2689
2086
1974
1302
994
18
-1440
-2180
-3420
-4512
-4790
-5412
-6402
-6329
-6596
-6191
-5263
-4496
-3579
-2530
-2102
-967
828
1188
1685
3012
3266
4662
5272
4825
4884
4646
4770
4735
4151
3123
2997
3163
2608
3015
2818
2761
2442
2210
3219
3150
2713
2981
3652
3658
3321
3316
2877
2795
2193
2218
2238
1165
838
36
-988
-1023
-993
-1747
-1674
-1282
-1835
-1432
-1380
-1515
-694
-1200
-802
401
473
-265
-126
220
-619
-378
-417
-242
-189
-823
-233
279
-250
483
1264
712
944
1485
1817
2420
2822
3135
3659
3703
4429
4782
4251
3883
4314
3576
2853
2616
1753
1207
1060
762
478
-111
-934
-629
44
-600
98
286
380
934
1327
1679
2269
2073
2590
3109
2023
1261
1214
-39
-6
-136
-1018
-1323
-2002
-2546
-2572
-2754
-2388
-1828
-1338
-1214
-346
213
900
1737
2007
2384
3546
3837
4127
4762
4387
4131
4263
2855
2535
1764
1499
1112
-716
-897
-769
-1349
-1559
-1328
-906
-546
279
115
1077
1662
2107
3223
3694
4215
5248
5498
4522
4282
3513
1828
1780
512
-502
-370
-1912
-2197
-2155
-3310
-3153
-2495
-2852
-2320
-1613
-907
359
1292
1646
2018
3019
3843
4699
5306
4385
4322
3780
3299
3108
1853
1200
634
-118
-277
-978
-2021
-1949
-1968
-2284
-1679
-269
188
794
1615
2253
3189
4193
4585
4944
4900
4962
4476
3724
3439
3125
1678
660
-316
-1005
-1142
-1985
-3072
-3181
-2626
-3144
-2320
-1649
-718
419
776
1509
2396
2996
4048
4573
4168
4026
4584
3980
3557
2551
1476
1249
445
-85
-229
-1782
-2283
-1600
-1376
-1810
-1454
-826
-80
812
1331
2264
2543
2691
3697
4841
4912
5225
5026
4101
4203
2630
1680
1740
293
-295
-286
-1495
-2341
-2216
-2334
-2346
-1555
-1945
-929
180
930
1957
1802
2514
4388
4569
3778
3510
3743
3709
3861
3044
1890
1764
770
184
-560
-1984
-1981
-1509
-1666
-1907
-1302
-1045
-479
621
1284
1938
2238
3235
4149
4287
4038
4816
4373
3801
3426
2668
2402
1395
775
1020
504
-999
-1113
-569
-1465
-895
-437
-316
332
1028
1676
2497
2872
3802
4130
3680
4010
4392
3759
3770
3644
2955
2865
2331
1487
1585
1150
83
402
75
3
685
672
847
1774
1948
2893
4389
4392
5054
5282
5182
5508
5729
5034
5630
5728
5459
5235
4810
4840
4792
3829
3221
3919
4058
4140
5015
5539
7233
8205
9046
12080
15546
19965
22665
17339
10842
9620
5375
12209
40629
71366
105967
1260885
1274350
1284231
1307164
1347098
1391434
1431133
1490433
1590798
1740749
1892165
1996627
2047417
2055663
2036349
1998098
1973288
1991959
2064780
2175373
2296854
2399614
2462515
2479690
2458592
2430706
2429355
2470966
2544655
2618782
2666313
2676184
2650313
2601406
2556893
2547372
2577935
2637801
2709652
2772307
2814771
2829276
2820297
2804487
2798991
2813107
2846452
2890280
2930356
2960999
2978517
2985435
2993000
3008240
3042227
3104256
3195880
3318553
3477676
3670210
3890543
4135428
4388522
4632342
4847130
5017777
5141315
5210730
5222815
5183302
5096338
4968902
4815462
4652725
4495899
4364935
4269234
4211075
4177868
4144615
4100291
4045676
3985598
3928934
3878954
3827838
3767789
3695319
3603447
3493175
3352606
3222092
3121245
3055479
3030983
3041762
3070432
3102846
3128988
3146770
3159907
3173814
3188022
3203887
3213969
3205944
3175785
3119315
3040981
2956512
2877428
2813074
2769704
2746082
2735280
2734476
2736828
2743008
2758700
2782832
2818291
2862788
2908156
2947373
2973364
2979748
2968153
2944034
2914158
2889282
2869227
2852895
2841313
2831244
2823336
2819762
2820878
2826954
2839432
2854848
2869053
2878096
2876427
2866321
2849728
2826531
2800611
2773172
2742217
2709848
2676176
2640056
2605372
2573669
2546686
2527220
2511403
2497977
2485458
2472508
2458410
2444530
2430186
2413665
2397008
2377619
2355757
2331596
2302491
2274022
2247397
2222901
2202643
2185200
2168557
2155014
2144624
2134040
2127372
2121659
2117508
2116260
2112954
2109639
2105681
2098438
2090566
2082717
2073161
2062918
2054917
2046351
2040216
2035601
2030948
2028963
2028304
2029184
2032000
2033788
2036087
2039778
2043662
2045765
2047505
2046028
2043747
2041992
2037632
2032891
2028324
2022380
2017553
2012910
2007190
2002701
1999228
1995067
1995357
1996939
1983681
1980509
1981458
1980774
1980330
1978047
1974952
1972393
1969495
1965083
1960915
1956036
1952540
1949130
1943207
1938017
1932899
1926500
1922214
1918152
1912796
1908983
1905054
1901261
1898480
1893825
1889627
1887119
1884658
1882200
1880637
1878791
1876402
1875273
1872599
1870245
1867297
1864380
1863278
1861489
1858549
1856650
1854365
1852329
1851417
1850804
1848447
1849088
1849283
1850573
1853317
1853835
1855826
1858972
1861130
1863477
1865566
1865531
1865671
1866089
1862889
1858985
1852084
1843574
1835685
1824990
1813421
1800882
1785977
1771125
1756932
1740437
1723498
1708281
1692841
1678849
1664365
1648184
1634083
1619705
1605248
1592417
1579409
1566266
1554283
1542888
1529553
1518206
1506376
1495447
1486014
1475552
1466120
1457055
1447888
1439986
1432478
1424474
1416497
1410307
1403785
1398845
1393473
1386999
1382388
1377858
1374700
1372723
1369854
1367223
1365776
1364661
1362816
1362154
1359994
1359454
1360530
1359566
1359410
1358382
1357125
1356995
1356420
1354740
1354829
1355469
1355771
1356990
1355961
1357642
1363211
1354169
1352749
1356948
1358431
1358692
1360151
1359673
1359082
1357346
1355205
1354213
1352575
1349490
1346665
1343531
1339405
1336778
1333116
1328160
1325375
1322315
1320425
1319061
1315045
1312428
1310870
1308532
1306767
1305591
1303746
1301790
1300982
1298428
1296386
1292991
1289488
1287948
1285477
1282804
1279928
1276041
1272791
1270668
1267592
1263361
1261032
1258366
1256090
1253612
1249027
1246579
1244185
1241300
1239629
1236989
1232823
1229970
1227284
1222876
1219490
1214964
1210432
1207871
1203579
1198956
1194140
1189761
1186260
1182763
1177794
1172545
1169763
1165562
1163348
1160143
1155373
1152755
1150248
1147977
1146116
1143727
1141254
1139578
1137277
1134394
1132116
1128594
1126328
1124444
1121369
1119462
1116695
1113451
1111065
1108241
1103934
1101184
1099612
1097344
1096674
1093497
1089092
1087625
1085816
1084565
1084173
1082184
1080758
1079868
1078044
1076299
1073938
1070296
1068777
1067477
1063930
1061740
1058340
1054868
1053386
1051013
1046232
1043925
1041152
1038519
1037389
1034171
1031477
1032357
1033716
1022364
1019382
1019670
1018727
1018592
1016358
1014004
1010712
1006995
1005258
1002957
999348
996631
992921
989532
986524
982956
978966
976329
973739
972228
970373
966701
964504
963123
961940
961856
961390
960016
958892
958686
957796
957152
954719
952653
952466
950457
948721
947041
945131
944205
942300
940331
938155
938307
936986
937183
936666
933872
933560
933788
934190
935579
936055
936273
937596
938168
937825
938524
938150
938947
940920
940264
941182
942304
941523
942348
944063
943687
944682
946939
948473
951072
952316
953717
956879
959345
962695
966741
969792
972532
976796
980512
983937
986967
988669
992287
995751
998195
1001465
1003328
1004504
1007440
1009439
1009349
1011044
1012535
1013449
1015797
1015485
1014781
1015226
1015206
1016023
1016860
1015898
1015293
1015794
1014202
1012047
1009541
1006650
1005425
1002783
999789
997476
993622
990755
987785
983751
979341
976967
973912
971655
970041
965730
962716
960627
960806
964195
954490
949446
950840
951764
949873
947966
945214
943061
942638
940079
937302
935715
933762
931681
929812
927556
925701
925111
923528
923207
922523
920622
920405
920327
920659
921435
921765
922014
923258
924623
924194
924972
924336
924192
926151
925991
926253
926538
925824
926369
927070
926681
927010
928476
929562
931808
932544
931970
933734
935400
937255
940176
942474
943689
946231
948428
949627
950622
950641
952590
954451
954025
955111
955888
955634
956568
956921
956225
956871
957361
957939
960082
959840
959379
960158
960997
962876
964508
964902
965299
967105
967953
968872
968847
967492
968191
968692
968093
967877
966643
965271
965265
964234
961805
961917
961619
961501
961974
959954
959629
959932
959399
959990
960411
960133
960009
961106
961016
961092
960111
958901
959550
958824
957696
957662
956494
955017
955035
953674
951771
952082
951584
952467
953132
951374
952123
953205
953899
958246
963899
955024
954229
959214
961380
963012
962680
962871
965472
965762
966160
966707
966293
967233
968425
967909
967880
969413
969986
972192
973685
973759
975797
977191
979060
981354
982845
984541
986856
989255
990696
991731
991509
992824
995334
995572
996641
997516
997360
998084
998542
997597
998127
999464
999964
1001683
1001493
1000903
1002448
1003825
1005362
1006774
1007679
1008996
1010999
1011646
1012044
1012124
1011437
1012938
1013787
1013408
1013880
1012553
1011263
1011879
1011068
1009311
1009153
1008871
1008837
1009703
1008222
1006969
1006961
1007370
1008622
1009093
1008900
1009142
1010370
1009632
1009509
1008542
1007065
1008127
1008333
1007835
1007725
1005533
1004695
1004984
1003637
1001567
1002134
1001723
1002096
1002803
1001294
1001586
1002084
1002570
1004628
1005651
1005614
1007108
1009548
1009665
1010412
1009364
1009382
1011442
1012244
1012787
1012577
1011160
1011579
1013177
1012207
1011072
1011882
1012803
1014751
1014747
1013558
1015152
1016326
1017001
1018943
1022623
1028049
1021057
1020602
1024039
1026415
1026435
1027552
1029137
1029379
1029860
1029880
1029368
1030111
1030455
1029535
1030128
1030848
1031757
1033746
1033710
1032981
1034327
1034959
1036768
1038719
1039390
1040457
1043031
1044227
1045357
1045514
1044639
1045884
1047262
1047429
1047438
1046432
1045480
1045759
1046294
1045208
1045034
1044854
1045631
1046966
1046207
1045410
1046421
1046763
1047638
1048899
1048827
1049441
1051304
1051134
1051955
1051630
1050690
1052042
1052687
1052402
1052409
1051609
1051448
1051405
1050314
1048943
1049145
1048500
1049242
1050149
1048791
1048404
1049120
1049392
1050913
1051521
1051520
1052943
1054417
1054498
1055375
1054367
1054094
1055707
1055537
1055403
1054988
1053773
1053819
1053544
1051941
1050501
1051422
1051084
1052034
1052502
1050819
1051859
1052071
1052285
1054594
1055782
1055907
1057061
1057850
1058101
1059511
1058618
1058924
1060729
1059908
1060034
1059586
1058143
1057897
1058150
1056913
1056277
1056622
1056152
1057468
1056633
1055382
1056081
1056389
1057160
1058420
1058607
1061261
1067338
1058961
1056516
1059694
1059780
1060412
1061324
1060825
1060404
1059213
1057846
1057369
1056269
1054684
1054194
1053421
1052957
1054029
1052570
1050999
1051867
1051775
1052680
1053267
1052996
1053402
1054284
1054044
1054569
1054435
1052624
1053607
1054018
1052866
1051952
1050806
1049638
1049814
1049167
1046748
1046479
1045794
1045291
1045688
1044031
1043501
1043896
1043546
1044297
1044711
1044000
1044848
1046600
1045899
1045664
1044419
1043716
1044860
1043819
1043011
1042034
1040622
1040044
1039421
1037546
1035461
1035549
1034937
1035467
1035105
1032445
1031895
1032038
1032705
1033424
1033132
1032344
1033506
1035077
1034009
1034155
1032497
1032263
1033974
1032905
1031940
1031090
1029555
1029521
1029288
1026991
1024953
1025199
1025140
1026180
1025819
1023404
1024096
1024104
1024674
1025481
1025854
1025579
1026916
1027254
1027282
1028068
1026815
1026901
1028341
1027406
1027443
1026925
1025882
1026137
1025682
1023401
1023200
1022888
1022677
1023993
1023003
1022174
1022728
1022815
1024322
1025502
1025792
1026534
1030444
1034807
1026402
1024595
1026609
1029153
1029838
1029110
1029581
1029247
1028222
1028070
1027353
1025711
1026044
1026210
1027043
1027916
1025973
1025529
1026631
1026817
1027877
1029168
1029223
1029902
1032374
1032723
1032926
1031745
1031426
1033363
1033740
1033307
1033583
1032965
1032099
1032380
1031900
1029820
1030438
1030376
1031365
1032276
1030314
1030660
1031585
1032361
1033859
1034508
1034666
1036680
1038671
1038497
1039669
1039002
1038686
1040602
1041016
1041422
1040968
1039908
1040402
1040640
1039659
1038805
1039837
1040443
1042174
1042411
1041238
1042452
1043482
1045023
1046922
1047822
1048282
1050910
1052513
1052836
1054719
1054548
1055607
1057761
1057803
1058380
1058751
1058682
1059429
1059990
1059287
1060023
1060891
1061669
1063964
1064467
1064109
1065939
1066883
1068950
1071536
1072369
1073738
1077300
1078946
1080206
1081241
1081436
1083594
1085499
1086003
1087297
1088375
1088667
1089554
1090426
1089384
1090553
1091295
1092715
1094830
1094438
1094611
1096895
1098588
1100285
1102668
1103457
1104905
1108357
1111916
1116976
1108339
1106566
1111782
1114026
1114426
1114731
1114798
1114674
1115560
1115688
1114870
1116019
1116018
1117267
1118232
1116637
1117814
1119600
1120525
1121775
1122961
1123617
1125037
1126618
1127059
1127775
1127027
1126620
1129172
1129453
1129094
1128873
1127484
1127522
1128028
1127220
1126457
1127151
1126578
1127626
1127547
1125377
1126160
1126365
1127273
1128515
1128988
1129545
1131201
1132544
1131726
1131934
1130789
1131511
1132674
1132275
1132775
1132377
1130939
1130433
1130116
1128431
1127346
1127220
1127035
1128119
1128041
1126023
1126117
1126206
1127092
1128473
1128611
1128737
1130243
1130766
1130945
1130231
1128956
1129647
1131026
1129992
1129758
1128363
1127123
1127445
1126509
1124977
1125035
1124541
1124606
1125309
1123970
1123274
1123956
1123755
1124709
1125435
1125271
1125782
1127665
1127641
1127795
1126360
1124684
1126388
1126407
1125604
1125667
1123798
1122175
1121974
1120892
1118522
1118056
1117122
1117161
1117973
1116283
1115683
1115931
1115957
1117208
1117512
1117006
1117411
1118285
1117753
1120769
1123276
1112440
1111645
1113559
1113161
1113161
1112014
1110665
1110107
1108440
1106002
1106037
1105298
1105553
1105147
1102608
1102367
1101820
1101610
1101995
1102053
1101865
1102444
1102717
1102011
1101651
1099981
1099539
1100568
1099375
1098522
1097855
1096054
1095088
1095206
1093069
1092022
1092037
1090908
1092035
1090788
1088549
1089342
1089092
1089824
1090771
1090275
1090718
1091871
1092156
1091951
1092165
1090806
1091050
1092192
1090889
1090260
1089695
1088294
1088381
1087847
1085615
1085016
1084969
1084789
1086036
1084803
1083989
1084664
1084415
1085510
1086571
1086985
1087224
1088541
1088808
1089116
1088663
1087644
1088889
1089334
1088265
1087620
1086884
1086400
1086142
1085180
1083237
1082874
1082689
1083597
1084361
1082439
1081497
1082558
1082878
1083666
1084754
1084640
1085305
1086706
1086841
1087439
1086664
1085597
1086776
1086684
1086267
1086131
1084604
1083337
1083704
1082495
1081135
1081919
1081200
1081960
1082476
1081176
1081755
1082137
1081801
1082833
1083733
1083798
1084688
1086171
1085867
1085849
1084520
1087396
1092987
1082580
1080092
1082738
1082756
1082968
1082864
1081370
1080373
1080968
1081168
1082138
1081290
1079790
1080338
1080717
1081686
1083460
1083980
1083687
1085340
1086679
1086842
1087042
1085723
1086441
1088125
1087261
1087188
1086936
1085588
1085486
1085420
1083680
1083305
1084163
1084040
1085756
1085184
1084381
1085028
1085217
1085623
1087656
1088813
1088959
1090812
1091844
1092010
1091250
1090306
1091625
1092936
1092156
1091591
1091371
1090337
1091009
1091301
1089099
1088866
1088367
1088832
1089896
1088477
1087831
1088723
1088735
1089744
1090829
1090863
1092138
1093716
1093206
1093890
1092930
1091953
1093526
1093875
1093015
1092366
1091516
1090671
1090776
1089705
1088216
1088067
1086785
1087772
1088447
1086760
1086847
1086958
1086936
1088098
1088568
1089102
1089728
1090424
1089944
1090722
1089431
1088272
1089589
1089552
1088506
1087922
1086979
1086357
1086231
1084653
1083067
1083137
1082010
1082833
1083139
1081219
1081734
1081689
1081912
1083331
1083344
1083714
1084816
1085308
1085615
1085730
1083980
1084021
1087272
1090880
1081409
1078691
1080623
1081597
1081583
1079798
1078546
1079179
1079001
1079375
1078764
1077479
1078028
1078075
1078982
1080458
1080189
1080791
1082553
1082994
1082799
1082637
1081730
1082118
1083510
1082728
1082233
1081609
1080415
1080459
1080339
1079433
1079397
1078645
1078697
1080080
1078905
1078402
1079294
1079634
1080796
1082187
1082506
1083613
1085389
1085707
1085923
1085977
1085403
1086775
1087096
1086390
1086327
1086140
1085882
1086540
1085861
1084244
1085332
1085421
1086486
1087800
1086829
1086811
1087275
1088670
1090729
1091862
1091975
1093366
1095557
1095827
1097111
1096611
1096240
1097947
1098389
1098799
1099014
1097918
1097873
1098352
1097497
1096311
1097059
1096647
1098286
1098993
1097618
1098505
1099334
1100120
1101969
1103213
1103050
1104561
1105503
1105908
1106359
1106029
1106134
1107145
1106492
1106230
1106076
1104774
1104150
1104730
1103719
1102582
1102755
1102527
1103046
1102862
1101593
1102702
1103048
1103725
1104909
1105021
1104899
1106287
1106679
1106731
1107097
1105735
1106228
1106710
1107886
1112230
1102059
1098419
1101278
1101660
1100034
1100230
1100040
1099896
1101067
1099925
1099043
1100148
1099859
1100367
1101447
1101347
1101740
1103123
1103169
1103500
1102833
1101447
1102158
1102216
1101005
1101077
1100688
1099455
1099297
1099204
1096584
1096196
1096355
1096274
1096812
1095242
1094503
1095190
1095318
1096108
1096874
1096629
1097077
1098720
1098100
1098579
1097531
1096244
1097991
1097133
1096405
1096182
1094704
1093962
1094044
1092682
1090561
1090780
1090147
1090437
1090714
1088790
1089545
1089669
1089920
1090526
1090946
1091027
1092096
1092962
1091733
1092235
1091329
1091057
1092152
1091018
1090317
1089708
1088388
1088000
1087562
1085864
1084655
1084883
1084652
1085597
1084597
1082809
1083465
1083205
1083885
1085724
1085428
1084984
1086599
1087332
1087024
1087122
1085607
1085600
1087044
1085996
1085344
1084967
1083725
1084201
1083660
1081356
1080932
1081188
1080505
1081063
1080592
1080015
1080760
1081038
1081591
1082325
1082565
1083598
1085268
1085162
1085336
1085516
1083826
1085004
1085704
1084488
1086672
1090983
1080817
1078163
1080735
1080288
1080570
1080528
1080692
1081867
1080261
1079643
1080277
1080992
1082110
1083695
1083575
1084034
1085632
1085356
1085953
1085471
1085031
1086543
1086269
1085531
1085464
1084494
1084203
1084499
1083307
1081313
1082441
1081941
1082690
1083061
1080922
1081597
1082549
1082870
1083997
1085001
1085053
1086629
1088099
1087999
1088633
1087698
1087068
1088875
1088373
1088292
1087945
1087136
1087193
1087622
1086635
1086015
1086258
1085839
1087474
1087583
1086117
1087052
1087649
1088361
1090065
1091065
1091161
1092590
1093540
1093758
1094507
1093676
1094431
1095537
1094716
1094916
1094117
1093005
1093650
1094551
1093037
1092565
1092511
1092491
1093720
1093176
1092387
1093389
1094373
1095073
1096725
1096804
1097331
1099073
1099589
1099816
1099845
1099419
1100445
1100914
1099907
1099991
1099123
1098552
1099036
1098944
1096427
1096124
1096402
1097386
1098186
1097394
1096705
1097471
1097817
1098762
1100034
1099849
1100661
1102586
1102020
1102188
1101766
1100618
1101836
1102305
1101466
1100360
1102050
1105785
1096282
1093133
1093880
1095419
1095459
1096386
1096966
1095215
1094924
1094746
1095014
1096426
1096944
1096817
1096930
1097876
1097541
1097438
1096466
1096035
1097076
1096085
1095170
1094356
1093012
1091596
1091705
1090573
1088953
1088940
1088156
1088537
1088523
1086401
1086569
1086662
1087052
1087926
1088030
1087691
1088356
1088972
1088695
1088589
1086702
1086482
1087893
1086626
1086208
1085957
1084161
1083419
1083355
1081884
1080968
1081561
1081228
1082313
1081786
1080074
1080446
1081233
1081678
1082752
1083248
1083002
1084797
1084988
1084900
1085352
1084066
1084244
1085083
1083917
1083879
1083476
1082078
1082421
1082317
1080941
1080985
1080680
1080548
1081726
1080734
1080260
1080786
1080199
1081466
1083031
1083853
1083768
1085115
1085790
1086792
1086536
1085065
1085589
1086352
1085973
1085926
1085305
1084423
1084672
1083861
1081974
1081811
1081488
1081932
1083441
1081972
1081914
1082626
1083165
1084783
1085189
1085052
1086076
1088098
1088535
1088921
1087297
1086938
1088957
1088513
1088344
1088038
1087364
1089548
1094012
1084116
1080515
1083653
1084722
1085869
1086452
1084982
1085631
1086569
1087500
1089020
1089770
1089865
1091283
1092717
1092660
1093179
1092136
1092577
1093873
1093347
1093482
1093773
1092507
1092409
1092840
1092141
1091909
1092637
1092981
1094086
1093376
1092322
1093846
1094626
1095673
1097214
1097583
1097390
1099413
1100926
1101079
1101315
1101065
1101980
1102742
1102401
1103026
1102889
1101483
1101387
1101348
1100127
1099920
1100376
1100467
1101570
1100974
1100778
1101658
1101619
1102863
1104392
1104277
1104920
1107178
1107962
1108415
1108197
1107066
1108125
1108455
1108042
1108394
1107921
1107024
1107207
1106845
1104745
1104703
1104682
1105164
1106439
1105268
1104597
1105478
1105598
1106993
1107858
1107937
1108731
1110414
1110438
1110817
1110065
1109588
1111031
1110706
1109845
1109934
1109122
1107942
1108592
1107524
1105735
1106270
1105380
1106537
1107763
1105949
1105457
1105693
1106057
1107474
1108345
1108716
1109730
1110752
1110345
1110716
1109714
1109891
1110818
1110103
1109624
1109052
1108091
1108054
1110211
1112586
1102648
1101053
1102948
1104761
1105468
1104028
1104841
1105412
1105552
1106515
1106771
1106698
1108298
1109276
1108726
1109077
1108083
1108578
1109428
1108335
1107628
1106979
1106040
1106254
1106529
1104281
1102745
1103020
1103130
1104387
1104071
1102491
1102834
1102972
1103844
1105344
1105125
1105298
1106987
1107409
1107349
1107187
1106032
1107147
1107162
1105587
1105847
1105608
1104716
1105075
1104487
1102158
1102367
1102172
1102167
1102913
1101624
1101616
1102439
1102310
1103551
1104498
1104320
1104746
1106605
1106770
1107557
1107275
1106424
1107712
1107564
1106750
1106130
1105470
1104929
1105005
1104436
1102652
1102663
1102463
1103563
1103576
1101567
1102285
1102586
1102574
1104017
1105408
1104633
1105815
1107710
1107041
1107625
1106579
1106119
1107511
1107076
1106640
1106093
1105161
1104623
1104902
1103501
1101682
1101582
1101073
1102698
1103001
1101164
1101542
1101793
1102258
1104147
1104858
1104403
1105426
1106937
1107071
1106686
1105586
1105466
1106991
1106606
1106089
1105115
1103884
1104134
1103747
1104399
1108255
1099245
1096596
1100848
1101671
1100341
1101422
1101966
1102720
1103593
1104096
1104088
1106036
1106655
1106554
1106216
1104680
1105093
1106406
1105830
1105381
1104783
1104112
1103641
1103089
1101028
1100650
1100988
1101227
1101784
1100632
1099695
1100502
1100571
1101287
1102162
1102033
1102669
1103945
1103636
1104099
1103775
1103012
1103250
1103189
1102223
1102065
1100680
1099932
1099868
1099213
1097145
1097384
1096442
1096606
1097426
1095799
1095762
1096108
1096246
1097289
1098010
1097516
1098264
1099439
1099351
1099155
1097976
1097410
1098664
1098552
1098123
1097820
1096970
1096265
1096218
1095683
1093844
1093641
1093105
1094034
1094286
1092354
1092396
1092802
1093657
1094773
1095420
1095273
1096211
1097657
1097508
1098425
1097360
1096513
1097841
1097132
1097104
1096528
1095240
1094927
1094768
1093293
1092876
1092944
1092465
1093515
1093271
1091435
1092003
1092725
1093162
1094361
1094517
1093963
1095885
1096755
1096345
1096690
1095449
1095913
1096347
1095372
1096083
1094905
1093282
1093051
1092793
1090914
1093315
1097561
1087965
1086992
1088530
1088665
1089922
1090327
1090817
1091748
1091696
1092404
1093689
1093933
1093668
1093049
1092035
1093220
1093512
1092166
1092104
1091486
1090053
1089535
1088969
1087627
1087360
1086623
1087070
1087686
1086359
1086259
1086207
1086190
1087268
1088993
1088413
1088632
1090589
1090287
1090912
1089814
1088563
1089738
1089735
1089492
1089155
1087929
1087295
1087309
1086202
1084592
1085277
1085023
1085462
1085086
1083290
1083905
1083808
1084080
1085872
1086481
1086337
1087417
1089287
1088724
1089018
1088196
1088132
1089728
1088767
1088007
1087580
1086702
1085896
1086102
1085062
1083706
1083599
1083694
1084543
1084368
1082694
1083278
1083519
1083955
1085374
1086203
1086056
1087106
1088172
1088242
1088592
1087656
1088036
1089222
1088347
1088011
1087158
1086744
1087013
1086567
1084911
1083397
1083574
1084224
1085149
1084111
1082623
1083708
1083937
1084931
1086131
1086513
1086836
1088694
1089298
1088957
1088687
1087741
1088618
1089393
1088212
1087946
1087284
1086108
1086335
1085979
1084258
1083976
1083745
1086628
1091895
1082002
1079341
1082932
1084227
1085801
1086743
1086638
1087646
1089760
1090046
1090468
1089973
1088897
1089974
1090534
1090484
1090091
1089341
1088500
1089036
1088178
1086042
1086956
1086978
1087238
1088026
1086885
1086897
1087739
1088410
1089436
1090203
1090784
1091803
1094061
1093203
1094002
1094000
1093459
1094752
1094301
1094162
1094201
1093394
1093197
1093704
1092738
1091685
1091755
1091115
1092659
1093244
1092086
1092372
1092626
1093455
1094706
1095367
1096177
1097924
1099613
1099089
1099259
1098667
1098914
1100207
1099825
1100028
1099776
1098743
1098766
1098474
1096814
1097032
1097871
1097693
1098754
1097911
1097076
1097904
1098494
1100274
1101684
1101909
1102333
1104168
1104833
1105106
1105812
1104767
1105320
1106006
1105279
1106016
1105419
1104889
1105151
1104661
1103331
1104067
1103347
1103550
1105055
1103825
1103482
1104258
1104256
1104983
1106465
1107678
1108110
1109498
1110067
1110608
1109979
1109345
1110819
1110699
1110322
1110660
1110202
1108680
1108615
1108090
1106691
1107490
1107094
1107577
1110453
1113303
1104148
1102878
1105902
1108710
1110462
1110600
1111396
1112849
1112451
1113071
1112760
1111817
1113256
1113013
1112598
1112287
1110935
1110325
1110672
1109926
1108621
1109003
1108529
1109313
1109480
1108126
1108350
1108758
1109274
1110541
1110914
1110942
1112294
1113245
1112575
1113102
1112515
1112625
1114113
1112952
1112111
1111600
1110406
1109733
1110049
1109017
1107840
1107799
1107051
1108266
1107697
1106072
1106397
1106608
1107485
1108499
1108438
1108749
1110391
1110374
1109829
1109928
1108628
1109406
1109912
1108735
1108426
1107839
1106315
1106016
1105495
1103401
1102409
1102170
1102153
1102903
1101098
1100432
1101340
1100742
1101676
1102788
1102610
1102426
1104295
1104448
1104311
1103506
1102490
1103532
1103213
1102028
1102030
1101234
1099785
1099220
1098698
1097035
1097092
1096193
1096494
1097453
1095530
1094801
1095250
1095892
1096787
1097641
1097626
1098217
1099561
1099562
1099978
1099035
1098526
1099480
1099337
1098987
1098654
1097053
1096215
1096339
1095453
1093576
1094123
1093783
1094690
1095197
1096230
1100343
1091710
1090476
1093971
1095717
1096546
1097639
1099457
1099223
1099473
1098019
1097452
1099688
1099298
1099148
1098391
1097022
1096785
1096604
1094931
1094651
1095214
1094370
1095626
1096042
1094160
1094340
1094776
1095312
1096783
1096849
1097309
1098678
1099485
1099694
1099583
1098121
1098367
1099627
1098576
1098467
1097620
1096477
1096388
1096504
1094910
1094207
1094511
1094222
1095042
1093962
1092995
1093792
1093850
1094749
1095716
1095401
1095495
1097339
1098453
1098678
1098066
1096740
1097647
1097900
1096859
1096658
1096071
1094956
1095083
1094476
1091940
1092187
1091963
1091895
1092980
1091576
1091307
1091702
1091866
1092536
1093112
1093057
1093616
1095588
1095013
1095093
1094696
1093737
1094391
1094421
1093914
1093640
1092736
1092153
1092137
1091375
1089624
1089788
1088752
1089307
1090511
1088117
1087536
1088320
1088554
1089799
1090947
1091190
1092425
1093250
1092688
1093047
1092164
1091332
1092652
1092279
1091769
1091038
1090193
1090162
1090249
1088901
1087805
1088268
1087588
1088320
1089014
1087597
1090011
1094090
1086085
1085618
1088889
1090467
1091833
1092691
1092747
1093108
1092359
1092491
1093502
1092789
1092515
1091638
1090401
1090720
1090731
1089648
1088976
1088636
1088696
1089729
1089079
1088101
1089283
1089443
1089928
1091058
1091211
1091641
1093722
1094301
1094008
1094202
1093434
1094385
1095288
1094533
1094670
1093804
1092720
1093008
1092427
1090674
1090958
1091220
1091506
1093062
1091873
1091117
1092103
1092742
1093871
1095167
1095387
1096274
1098179
1098499
1098971
1098622
1098340
1099464
1099631
1099184
1099316
1098823
1097788
1097696
1097042
1095356
1096014
1095380
1096186
1097113
1095776
1095558
1096141
1097086
1098296
1098840
1098893
1099766
1101590
1101550
1102410
1101468
1100993
1102346
1102523
1102380
1101624
1099703
1098879
1099354
1098327
1096805
1097192
1096243
1096913
1097105
1095500
1096175
1096505
1096548
1096993
1097612
1097971
1099586
1100046
1099354
1100049
1098557
1098755
1100093
1098833
1098280
1097703
1096277
1096027
1095613
1094140
1093334
1093265
1092386
1093398
1092941
1091367
1091996
1094478
1098883
1090483
1089108
1091721
1094170
1094876
1095041
1094766
1093683
1093810
1094236
1093371
1093059
1092257
1090638
1090147
1089559
1087688
1087607
1087352
1087327
1088172
1086819
1085862
1086389
1085745
1086380
1087733
1088345
1088703
1090210
1090590
1090887
1090303
1089197
1090234
1090701
1089777
1089252
1088526
1087801
1088209
1087719
1085667
1086024
1085756
1085507
1086567
1085443
1084950
1085789
1086220
1087372
1088733
1088979
1090269
1092070
1091529
1092216
1092257
1091295
1092892
1093143
1092671
1092336
1090966
1090821
1090826
1089892
1089081
1089361
1088929
1090310
1091107
1089588
1090283
1090635
1090989
1092145
1093178
1093752
1094875
1096687
1096541
1097245
1095748
1095457
1097412
1097165
1096657
1095878
1094700
1094847
1095749
1094436
1093734
1094254
1093375
1094222
1093988
1092264
1093060
1093929
1094930
1096346
1096637
1097075
1098209
1098924
1099116
1099166
1098011
1098444
1099662
1098697
1098554
1097227
1096030
1096417
1096055
1094475
1093827
1094086
1094393
1095611
1094510
1093176
1093777
1093812
1097261
1102763
1093430
1091878
1096916
1098375
1098303
1098173
1097282
1098281
1098867
1098029
1097572
1097080
1095871
1095829
1095120
1093630
1094107
1093843
1094164
1095294
1094207
1093206
1093911
1094647
1096030
1097512
1097516
1097996
1099864
1100215
1100246
1099629
1099222
1100765
1100886
1100623
1100192
1098990
1098060
1098278
1097839
1096145
1096047
1095834
1096917
1097465
1095760
1096177
1096710
1097543
1098352
1099266
1098919
1099416
1101694
1101546
1101634
1100365
1100203
1101120
1100120
1099686
1100005
1098529
1097758
1097527
1095891
1094639
1095098
1095101
1095599
1094812
1093078
1093601
1093764
1094402
1095840
1096354
1096215
1097646
1098373
1098325
1098253
1097420
1097362
1098160
1097290
1097606
1096581
1095112
1094657
1094505
1092572
1091540
1091216
1090850
1092131
1091560
1089902
1090492
1090701
1091168
1092017
1092030
1092683
1094248
1094565
1094541
1094388
1093204
1093987
1094394
1093835
1092872
1091820
1090656
1090815
1090207
1088765
1088437
1088062
1088622
1089242
1087920
1087399
1087433
1087757
1088888
1092321
1096330
1087960
1087622
1090009
1091396
1091371
1090771
1091937
1091666
1090786
1090553
1089511
1088819
1089646
1088254
1085949
1086511
1086436
1086758
1087222
1085647
1085679
1085993
1086586
1087781
1088303
1088596
1089475
1091486
1091095
1091573
1090717
1090053
1091806
1091515
1091332
1090685
1089215
1088711
1089392
1087968
1086258
1086820
1086382
1088010
1088343
1085793
1085921
1086882
1087627
1088509
1088923
1088797
1090169
1091707
1091818
1092524
1091184
1091173
1092428
1091874
1092467
1091528
1090065
1089909
1090068
1088891
1088317
1088553
1089286
1090892
1090467
1089215
1090532
1090830
1092227
1094149
1094869
1095322
1097193
1098597
1099454
1099725
1098829
1100183
1101524
1101143
1102239
1101929
1100880
1101444
1101527
1100254
1100804
1101496
1102029
1103342
1103302
1103363
1105066
1105831
1107547
1109277
1110187
1111352
1114400
1115313
1116067
1116235
1115846
1117906
1119237
1119792
1120629
1120062
1119996
1121893
1122296
1121386
1123116
1123357
1124095
1125949
1125385
1126687
1128310
1129732
1132184
1134133
1137415
1143077
1136341
1134807
1139367
1140760
1141412
1144150
1144807
1145359
1146882
1146480
1146433
1147505
1147710
1147179
1149277
1149986
1151524
1152379
1151531
1152631
1153604
1154968
1156821
1158184
1159478
1161037
1162699
1163134
1163974
1163113
1163375
1165249
1165322
1165874
1165152
1163501
1163563
1163445
1162318
1161712
1161596
1161098
1162000
1162433
1161480
1161603
1161122
1161466
1163424
1163778
1163566
1164826
1165464
1165478
1165353
1164415
1164785
1165564
1164144
1163600
1163251
1161782
1161645
1160607
1158750
1158173
1157978
1157780
1158733
1157341
1156169
1156791
1156815
1157236
1158313
1157929
1157603
1158944
1158372
1158435
1158049
1155782
1155988
1156486
1155055
1154315
1153013
1151587
1151468
1150610
1148239
1147856
1146920
1147138
1147327
1145575
1145164
1144711
1144603
1145388
1145154
1143936
1143629
1144230
1142769
1142382
1141042
1139607
1139806
1138445
1136521
1135061
1133224
1132006
1131562
1129634
1127430
1126639
1125214
1124945
1124160
1121728
1120930
1120521
1120082
1120281
1119342
1117964
1120162
1124957
1113947
1110176
1110769
1110478
1111184
1109422
1107733
1105649
1103047
1101199
1099714
1097661
1095458
1094144
1092841
1092368
1090693
1088174
1087451
1086327
1085338
1085387
1083878
1081928
1081380
1080832
1079328
1078244
1075727
1073752
1072666
1070254
1068382
1066252
1064058
1062133
1060449
1058029
1056278
1055222
1053839
1054018
1052614
1050236
1050144
1049938
1049673
1050085
1049548
1048981
1049577
1048494
1048082
1047274
1045270
1045213
1044879
1044163
1043474
1042627
1041670
1041414
1041692
1040739
1040901
1040863
1041448
1043497
1043322
1042693
1044290
1045059
1046317
1047564
1047833
1049276
1051421
1051139
1051514
1051325
1050625
1051831
1052112
1051674
1051914
1051758
1051834
1052802
1052576
1051604
1052640
1052399
1053987
1054995
1054568
1055317
1055410
1056389
1058205
1059285
1059768
1060923
1062075
1061561
1062358
1061940
1061943
1062936
1062737
1062400
1062353
1061678
1061381
1061697
1060930
1059150
1059941
1059998
1060858
1060952
1059435
1059812
1060398
1060778
1061802
1062539
1061576
1062480
1063384
1065599
1069740
1059384
1056952
1060162
1060492
1060571
1059928
1058631
1058928
1059346
1057897
1057580
1057412
1057470
1058334
1058365
1058395
1059329
1059794
1060795
1061692
1061535
1061584
1062262
1062535
1062691
1062620
1061380
1060860
1061720
1060585
1060162
1059745
1058571
1058458
1058214
1057285
1057378
1057560
1057743
1058733
1058194
1058259
1059362
1059707
1060212
1060752
1060620
1060655
1062023
1061343
1061108
1060524
1059649
1060004
1059477
1058617
1058204
1056874
1056647
1056630
1055819
1055099
1055732
1055443
1055600
1056553
1055398
1055369
1055822
1055773
1057479
1058303
1057716
1057954
1058487
1058191
1057113
1056213
1056026
1056613
1055442
1054479
1053853
1052676
1051763
1051656
1051066
1050199
1050736
1050931
1051506
1051502
1050384
1051059
1051542
1051933
1052613
1053342
1053228
1053753
1054427
1053978
1053299
1052292
1051939
1052395
1051320
1050869
1050511
1049127
1048954
1049963
1049489
1049176
1049481
1049767
1051438
1051589
1050728
1051401
1051625
1052814
1053935
1054230
1054064
1054794
1054923
1054514
1056944
1059890
1050305
1048826
1050383
1051351
1050845
1049192
1049444
1049647
1048393
1048586
1048658
1048706
1049436
1049319
1048991
1049189
1049270
1050251
1051408
1051415
1051429
1051697
1050706
1050233
1049871
1048433
1048399
1047962
1047077
1046496
1045590
1044404
1044809
1044134
1042933
1043041
1042801
1043357
1044526
1044126
1043980
1044200
1044339
1044961
1045474
1045405
1045084
1045363
1044411
1044626
1043776
1042958
1043405
1042957
1041511
1040306
1038786
1038608
1038721
1038293
1037545
1038392
1038048
1038713
1038752
1038034
1039099
1039269
1039662
1041165
1041320
1040432
1039972
1040288
1040050
1039750
1038789
1038186
1038070
1036380
1035863
1035771
1034526
1034219
1034153
1032848
1032798
1033051
1032165
1032335
1032387
1032012
1033343
1033493
1033007
1034074
1034088
1033106
1033379
1032797
1032031
1032168
1030552
1029686
1029285
1028386
1028371
1027410
1025877
1025816
1025464
1024522
1024893
1024708
1024521
1025696
1025581
1025349
1025729
1025480
1025788
1026616
1026767
1027035
1027304
1026396
1025994
1026085
1027071
1031430
1021995
1018490
1020672
1020857
1020321
1020184
1020032
1019464
1019990
1020046
1020536
1021136
1020656
1021274
1022349
1022250
1023214
1024127
1023779
1024195
1025359
1024811
1024649
1023710
1022933
1023077
1022433
1021829
1021690
1020083
1019393
1019871
1019271
1018861
1019901
1019303
1019289
1020192
1019645
1020305
1020721
1021321
1022450
1023230
1022285
1022054
1022008
1021320
1021615
1020650
1019207
1019173
1018156
1017573
1016734
1014932
1014236
1014104
1013506
1012639
1012606
1012231
1012678
1013185
1012665
1013169
1012866
1012874
1013822
1013906
1013163
1013968
1013782
1012637
1012156
1011069
1009500
1008740
1007541
1007394
1006732
1004988
1004702
1004615
1003242
1003049
1003264
1003022
1003128
1002720
1002305
1002839
1001991
1001930
1003433
1003157
1002548
1002609
1001746
1001399
1000163
997731
997236
996073
994835
994414
992694
990712
990538
990160
988432
987945
987399
986654
987477
986975
986462
986752
986151
986031
985997
984739
984005
983932
982139
980911
979391
977738
979398
981750
970825
967324
968524
967822
967834
966842
964781
964050
963313
963365
962833
961229
961540
961061
960268
960763
960455
958518
958243
958344
956541
955926
954298
953155
952639
950637
949676
948927
947649
947407
947210
946057
945016
945228
945328
945896
945924
945496
946574
946895
947062
947905
948455
948030
948060
948057
947402
946947
945603
945114
945463
944378
944180
943575
941959
941786
942037
941373
941247
941689
942008
943147
942721
942544
943737
943502
943141
943781
943329
942989
943570
943528
942785
942017
940143
939723
938819
937303
936482
935124
932601
931068
929461
927341
926824
925617
924214
923888
922526
921348
920413
918921
917667
917252
915862
913103
912137
909662
907411
905185
901236
898346
895403
892121
889660
886760
883335
881040
878164
874984
873018
870544
869049
867732
865685
864535
862546
860520
858733
856717
853667
851443
849078
845152
842731
839139
834597
831899
830654
831225
819156
813323
813327
812014
809188
806761
804803
801498
799861
797891
794788
792372
789169
785818
783906
781326
777910
774940
771946
767843
764267
759904
755729
752130
748333
744289
739819
735148
731261
728404
724334
721179
718345
714303
711573
708686
704491
701316
697336
693835
691930
688169
683157
679337
675444
670717
666228
660712
655804
651476
645999
640712
636072
630254
625439
620944
616119
611701
607375
602911
599941
595228
590669
587251
582453
578152
575214
570690
565482
560823
556045
550579
545623
540140
534931
528698
523045
518166
512817
507026
502088
497329
492291
488388
484061
479930
476666
472266
468899
465440
461578
458187
455128
450578
446675
443284
438357
433582
428946
423877
419502
414225
410284
406227
400941
396150
392563
388239
384110
381030
377235
374208
371637
367641
365305
362278
358569
355804
352301
348120
345110
341121
335967
332303
328129
323509
319578
315245
313543
313689
301087
295168
294926
292449
289783
287648
284492
282182
279673
276856
275313
272263
269450
268068
265311
262255
259858
256703
253376
250781
247278
243904
241134
237185
234409
231395
227738
225426
223085
219866
218031
216187
213341
211939
210105
208493
206676
204593
202679
201637
200104
197509
195367
193284
190839
188293
185243
182757
180163
177280
175190
172971
170275
168717
166708
163885
162695
161065
159746
158788
156992
155927
154937
153315
152732
152458
150959
149233
148188
146146
144501
143056
141277
140036
138252
137141
136945
135904
134562
134449
134923
134018
133681
132546
132577
132364
131102
130582
129778
128535
127580
126742
124963
123439
121738
118894
116881
114435
111861
109830
106861
105115
103259
99990
98195
99985
102724
92784
90771
94626
98627
89819
86801
89627
90097
89692
89227
88454
87143
86181
83837
81706
81072
78604
76662
74591
71589
69626
68343
66347
65249
64654
63291
61461
60741
60185
60201
59993
59261
59627
59093
58461
57962
56331
54967
54123
52803
51156
49217
46836
45220
43361
40821
38702
36797
34733
34249
33042
31498
31199
30562
29303
28814
28901
28822
28656
27556
26733
26349
25225
23487
22931
21466
19832
17840
16076
13897
11546
-9667
-8462
-6413
-4676
-3940
-2664
-1097
-991
60
308
-33
225
373
427
420
-114
-948
-491
-195
-491
272
819
833
1262
1716
2578
2902
2246
2979
3556
3143
3300
3298
2507
2235
1640
817
428
-1067
-1388
-1568
-2854
-3225
-2678
-2915
-3446
-2537
-2607
-2069
-1534
-1550
-328
-227
-166
1061
1285
738
611
236
-430
-38
-848
-1308
-1658
-2549
-2030
-2607
-3814
-3081
-2702
-2433
-1505
-889
-1091
259
992
1835
2721
2714
3102
4316
4332
3996
3962
2998
2907
2877
2032
1645
577
-219
-259
-632
-1778
-1962
-1928
-2037
-1730
-1610
-910
451
975
1532
1756
1326
2479
3049
2015
1955
2188
821
797
426
-581
-780
-1869
-2608
-2508
-3055
-3857
-3375
-3147
-3375
-2599
-1881
-576
417
460
1697
2627
2812
3345
4018
3638
3544
3765
2591
2855
2006
1362
1135
-112
-1318
-1657
-1951
-2494
-2401
-1508
-1471
-884
-629
717
2139
1799
3000
3288
3601
4514
4482
4029
4236
4121
2837
2301
951
295
-163
-1509
-1493
-1590
-2614
-3231
-3292
-3388
-3324
-2675
-2070
-1300
-542
88
1487
2052
2569
3135
3254
3128
3349
2601
1906
1946
987
512
-676
-1345
-1143
-1656
-2975
-2461
-2298
-2702
-1450
-945
-695
568
629
1295
2609
3183
4134
4796
4855
4125
4023
3526
2998
2685
1596
1292
94
-786
-1076
-2127
-1865
-1780
-2012
-2555
-1824
-2067
-1747
-838
-508
987
1926
2153
2983
3778
3194
3306
3265
2920
2492
1613
564
89
-673
-665
-1234
-2709
-3211
-3001
-2902
-2986
-2216
-2520
-1761
-686
-143
1387
2088
2568
3703
4121
3854
3814
4164
3000
2528
1953
1308
525
-582
-814
-1156
-2104
-2761
-2808
-2641
-2305
-1402
-1031
-340
486
543
1464
2193
2524
3518
3626
3270
3903
3123
2405
2318
1570
1135
350
-752
-854
-1923
-3336
-3082
-2594
-2994
-2668
-2004
-1359
-355
-69
658
1594
1763
2654
3397
3153
3551
3394
2935
2438
1378
872
811
-32
-983
-1457
-2031
-2673
-2581
-2261
-2440
-2177
-2427
-1384
57
863
1296
1886
2062
2788
3647
2999
3446
3519
2635
2438
1752
362
525
-204
-856
-1337
-2602
-3109
-2738
-2449
-2394
-2076
-1910
-1006
-93
181
1472
1561
1846
2928
3299
2549
2571
3068
2382
2231
1671
530
-22
-601
-918
-1616
-2776
-3007
-2874
-2948
-2320
-1503
-998
-312
331
202
1211
1570
2222
3607
3513
2726
2779
2779
2211
2398
1049
221
-49
-993
-1448
-2552
-3379
-2829
-2569
-3055
-2236
-1548
-1293
-251
-230
371
1712
2037
2797
3642
3767
3360
3016
2236
2002
2299
919
584
175
-736
-1104
-1811
-3039
-2607
-2691
-3262
-2485
-1852
-1355
-375
11
758
1636
2178
2904
3663
3184
3291
3329
2340
2574
2139
739
136
-506
-447
-811
-2026
-2742
-2510
-2431
-2065
-913
-1011
-685
175
351
1553
2324
1855
2682
3477
3242
3354
3375
2415
2450
1554
594
408
-837
-1461
-2037
-2709
-3143
-3090
-2877
-2498
-1990
-1868
-918
219
1043
2338
2090
1821
3301
3678
2954
3309
2525
1553
2018
1275
890
202
-835
-1414
-2201
-3361
-3306
-2260
-2581
-2199
-1819
-2044
-1069
-460
481
1680
2130
2635
3583
3376
3075
3635
2720
2029
2112
1339
427
-274
-1341
-1110
-1770
-2740
-2956
-3251
-3431
-2151
-1565
-1068
-58
545
1173
1993
1753
3088
3867
3096
2987
3150
2681
2584
2378
1050
-72
-975
-1213
-1255
-1521
-2851
-2785
-2829
-3189
-1716
-1659
-1549
-849
-269
937
1995
2434
3273
3370
2583
2928
2996
2731
2591
1534
263
-155
-1125
-1725
-2028
-3458
-3505
-2727
-2402
-2336
-1633
-1451
-1307
-717
202
1719
1952
2028
3183
2739
2373
2603
2832
2213
2235
1559
882
164
-746
-1460
-1811
-2901
-3405
-3237
-3369
-2817
-2067
-1407
-894
-947
382
1541
1497
1859
3321
3521
3130
2866
2423
2429
1566
422
-34
-836
-1531
-1233
-1897
-3323
-2866
-2463
-2843
-1921
-2206
-1885
-537
-12
450
1699
2125
2497
3565
2758
2536
2815
2237
1935
1846
1229
808
-266
-1197
-1508
-2015
-2573
-2453
-2534
-2381
-1339
-1404
-1359
-391
-118
1003
1705
2040
2884
3479
3081
2942
2675
1745
1631
1346
873
465
-688
-1383
-1822
-2691
-2864
-2844
-3084
-2838
-2063
-1908
-994
367
278
1037
1427
1824
3111
3695
3729
3573
3115
2261
2574
1473
825
468
-890
-1358
-2085
-3186
-3099
-2385
-2214
-2308
-1791
-1830
-725
54
342
1590
1897
2333
2869
3153
3006
3182
2796
1681
1585
279
-421
-303
-859
-1283
-1949
-2829
-2365
-2428
-2787
-2290
-1919
-1449
-852
-26
636
1664
1479
1943
3360
2930
2645
2947
2739
2075
1468
615
-61
-647
-680
-1331
-2343
-3167
-3269
-2963
-3434
-2572
-2333
-1591
-606
-230
847
1345
1555
2419
2627
2825
3294
3478
2545
2352
1805
613
-488
-1556
-2051
-2275
-2968
-3630
-2957
-3043
-3603
-2712
-2700
-1642
-615
12
1034
1333
1123
2526
2890
2565
2974
2520
838
1101
647
5
154
-1471
-2021
-2383
-3315
-3507
-3352
-3302
-3295
-2410
-2554
-1833
-998
-473
412
827
1250
2551
3014
2725
2673
2152
1851
2219
833
124
-724
-1801
-1824
-2146
-3375
-3234
-3248
-3054
-2442
-2345
-1960
-802
-738
-394
988
1082
2187
3049
2638
2168
2320
2333
1828
1323
860
597
41
-1306
-1718
-2256
-3494
-3151
-2958
-3284
-2685
-2129
-1624
-1046
-503
690
1223
1268
2133
3042
1963
2041
2580
1823
1441
1211
396
34
-386
-1535
-1750
-2791
-3733
-3162
-3051
-2986
-2621
-2396
-923
21
471
982
1648
2231
3093
3021
2473
3189
3366
2664
2270
1311
388
155
-327
-508
-1000
-2085
-2708
-1849
-2107
-2182
-1390
-1837
-557
376
677
2266
2588
2865
4259
4138
3289
3415
3498
2928
2439
1418
1085
336
-724
-829
-1313
-2485
-3037
-2328
-2063
-2085
-1297
-980
-287
190
985
1741
2272
2982
3123
2927
2944
2967
2525
2549
2118
1277
430
-750
-1447
-1559
-2441
-3264
-2828
-2755
-3188
-2777
-2469
-2113
-843
-730
798
2003
1648
2051
2450
2054
2405
2952
2103
1580
433
-563
-934
-2204
-3490
-2725
-3325
-4615
-4037
-3520
-4098
-3604
-3229
-2095
-1588
-1198
-597
467
559
1198
1735
1582
1785
820
-88
35
-261
-1079
-1073
-2237
-2711
-2930
-4330
-5021
-4870
-4691
-4268
-3178
-3796
-2955
-2093
-1476
-92
723
572
1674
1644
1329
1930
1400
1234
1351
512
-882
-1300
-2534
-2770
-2923
-4132
-4175
-3882
-3707
-3036
-2401
-2822
-1805
-1174
-490
939
1319
1701
3145
3131
2713
2423
1793
1396
1459
889
250
-942
-1939
-1679
-2474
-3488
-3429
-3566
-3790
-2308
-1802
-1318
-708
-377
644
1696
1439
1929
3205
2591
2263
2453
1816
1781
1414
522
-255
-1500
-2002
-1909
-2560
-3837
-3328
-3551
-3471
-2547
-2141
-1353
-682
199
1177
1185
1931
3097
3288
3164
3198
2769
2166
2299
1099
-32
-270
-945
-1487
-1174
-2204
-3170
-2338
-2562
-2950
-2189
-2314
-1289
-431
375
1754
2106
1995
3238
3538
2655
3064
2970
2296
2308
1153
349
-141
-1066
-1334
-2027
-3575
-3611
-2685
-2664
-2687
-2031
-1991
-1218
-589
-182
1401
1561
1763
2871
2887
2522
2876
2531
1593
1651
561
-384
-645
-1755
-1401
-1758
-3120
-3410
-2685
-2750
-2668
-2282
-1984
-1229
-807
306
1243
1556
2425
3231
2851
2876
3439
2348
1543
1787
1191
494
-851
-1731
-1369
-2364
-3499
-3082
-2823
-2896
-2173
-1900
-1625
-553
-475
419
1960
2441
3008
3438
3005
2907
2971
2001
2369
1447
-7
-125
-1030
-1131
-1412
-2707
-3427
-2923
-2834
-2763
-2343
-2214
-1872
-943
-155
945
1680
2012
2531
3507
2776
2525
3153
2030
1843
795
-182
-441
-1298
-1467
-1906
-2791
-2743
-2685
-2730
-2544
-1964
-1571
-957
189
869
1489
1478
2096
3441
3628
2950
2894
2556
2321
2887
1493
328
-76
-1184
-1350
-2144
-3774
-3683
-3168
-3691
-3329
-2647
-2210
-817
-312
356
1109
1552
2519
3302
2670
2190
3015
2182
1829
1300
472
413
-423
-1245
-1447
-2834
-3838
-3307
-3439
-3841
-3136
-2541
-1632
-613
-500
399
1675
1811
2201
3116
2896
2505
2678
2126
1489
1082
84
-26
-861
-1271
-1829
-2956
-3624
-3252
-2780
-2853
-1827
-1452
-1029
-520
-150
950
1277
1845
2740
2646
2685
2956
2226
1522
1301
223
-88
-308
-1579
-2127
-2200
-3184
-3636
-3377
-3441
-3189
-2077
-1810
-1323
-752
-114
1077
1580
1933
2573
2879
2638
3020
2300
1228
1300
646
-369
-553
-912
-1422
-1864
-3012
-3243
-3107
-3477
-2964
-2224
-2246
-1313
-287
826
1595
1457
2831
2945
2155
2046
2242
2343
2002
1623
603
128
-703
-2081
-2130
-2290
-3334
-3630
-3666
-3433
-2898
-2505
-2412
-1402
-250
790
1591
1405
1651
2329
2201
2494
3295
2413
2129
1576
41
-773
-1569
-2037
-1875
-2527
-4101
-3565
-3036
-3675
-2845
-2161
-1920
-752
-68
1171
1969
2164
2674
3611
2886
2617
2894
1990
1549
960
214
186
-1340
-1713
-1763
-2248
-3073
-2892
-3196
-2889
-1825
-2188
-1403
-317
-310
1196
1070
1343
2843
2769
2210
2312
2268
1628
1347
405
-15
-251
-1152
-1423
-2028
-3465
-3750
-3126
-3323
-3250
-2905
-3173
-1803
-1082
-236
695
932
1861
2736
2693
2340
2345
2190
1882
2084
938
23
-555
-1251
-1851
-2728
-3760
-3228
-2913
-3234
-2138
-1999
-2232
-1631
-811
633
1131
1162
1884
2895
2843
2642
2885
1955
1714
1515
1044
-172
-1136
-2145
-2313
-2664
-3067
-3094
-3426
-3504
-2806
-2365
-1979
-1091
-236
348
1006
1460
1974
2646
2292
2087
2835
1920
2088
1340
223
-150
-1314
-1649
-1623
-2698
-3635
-3320
-2895
-3041
-2216
-1597
-1068
-685
-297
1242
1501
1297
1964
2554
2240
2557
2548
1171
1091
705
-19
-190
-1469
-1861
-2244
-3259
-3866
-3065
-3197
-2613
-1943
-2376
-1276
-571
113
1470
1366
2019
2754
2574
2679
2977
3152
2409
1190
181
-470
-1391
-2247
-2304
-2463
-3135
-3161
-2920
-3432
-2939
-1921
-1835
-1190
-604
-17
482
905
1719
2608
2454
2123
2321
1319
940
949
1
-293
-654
-1384
-1520
-2429
-3691
-3436
-2851
-2585
-2088
-1684
-1562
-820
-487
256
1496
1922
2535
3007
2495
2261
2046
1430
1901
1325
125
-614
-1268
-1838
-2219
-2937
-3533
-3148
-3257
-3189
-2518
-2673
-2083
-1290
-941
830
1390
1738
2971
3141
2414
2450
2419
1797
1508
665
20
-273
-1343
-1809
-2486
-3311
-3421
-3006
-3086
-3638
-2966
-2432
-1380
-66
112
509
389
1522
2399
2541
2545
2695
2487
1658
1530
370
-281
-633
-1635
-1996
-2872
-3432
-3214
-2192
-2645
-2603
-1640
-1641
-817
-403
591
1182
887
1463
2306
2710
2090
1882
1929
1360
825
-97
-332
-1103
-2414
-2406
-2425
-3442
-3431
-2904
-3028
-2469
-2443
-2300
-1095
-365
267
924
1300
1882
3011
2788
2488
2643
1942
1850
1307
242
206
-918
-1286
-1172
-2123
-3690
-2861
-2505
-2820
-2252
-2267
-1287
-429
-297
890
2155
1829
2533
2717
2329
2540
2521
1666
1351
458
14
-261
-1542
-1725
-2017
-3265
-3240
-3138
-3275
-2909
-2366
-1930
-1610
-925
-342
639
1345
1960
2942
2790
1836
2221
1808
1073
1248
537
-194
-557
-1718
-1669
-2179
-3346
-3459
-3232
-3319
-3482
-2475
-2362
-1389
-470
298
1646
1372
2055
2725
2736
2416
2565
2022
1151
1266
586
-323
-997
-1867
-2020
-2915
-3820
-3857
-3118
-3275
-2622
-1950
-1656
-1157
-468
474
1266
1496
2345
2948
2925
2744
3278
2580
