916304
918347
923864
920005
910244
908570
913215
914917
913584
913750
914094
914767
915183
915375
915484
915527
916399
917238
917740
917749
917766
919027
918857
918744
918448
917523
917208
916935
916895
916680
916333
915720
915726
915611
914793
914855
914748
915298
915895
915762
916452
916888
916781
917544
917679
918157
918596
919228
918620
918181
918374
917876
917229
917239
917353
917136
915893
916190
916380
915944
915521
915443
916240
916979
917228
917553
918014
917844
918677
920135
919562
918883
919725
920564
921095
920564
919675
919539
919186
918876
918600
918101
917574
917572
917635
917395
916744
916615
916940
917588
917785
917769
917725
918294
918693
919436
919155
919034
919675
919748
919766
918993
918421
918297
917841
917483
916655
916063
915971
915566
916070
914678
913742
913839
914675
915351
915056
915227
915328
915530
916281
915856
915807
916147
916836
916853
916591
916288
915526
915090
914789
914279
915897
919539
910348
907681
910008
910640
911414
911494
911953
912083
911869
911454
911915
912554
913231
912970
913294
913648
913928
912779
913063
912650
911449
911201
911039
910883
910144
908896
908880
909214
908542
908080
907888
907646
908087
908024
907981
908295
908660
908831
909733
909499
909421
909964
910464
910526
909148
908564
908114
907381
907728
907483
906110
905570
905777
905820
904786
904293
904365
904484
905409
905851
905375
905259
905969
906324
906934
907019
907008
907970
908108
908164
907237
906376
906519
906579
906140
905708
905387
904531
905283
905692
904414
904554
904364
905264
906132
906321
906443
906745
907312
907608
908326
908153
908496
910014
910404
910176
909553
908764
908790
908330
908033
908179
908045
907987
907842
908084
907292
907340
907719
909084
909679
909475
909753
910304
911270
912242
912041
911975
912434
913931
914215
914426
914150
912960
912481
912421
912274
911974
911564
914128
918013
909277
907031
910069
911834
913089
913830
913790
913992
914260
915052
916079
915840
915854
916500
917093
917389
917020
916154
916225
916267
915969
915187
915111
914388
914997
915214
914282
914487
914759
915423
915950
916268
916672
916937
917500
917976
918626
918879
918366
919419
918998
919237
918986
918926
918280
917610
917516
917612
917142
916862
917331
917118
916318
916669
916510
916970
917577
917587
917920
917986
917843
919024
919555
919538
919879
920761
920117
920144
919168
918655
918942
918573
918495
918248
917273
916578
916565
916817
916143
915978
916116
916793
916586
916737
917391
917104
917450
918781
918651
918450
918527
918824
918826
918226
917753
917575
916813
916096
916132
916188
914682
915092
914861
914431
914328
914956
914740
914824
915144
915388
915397
915615
915472
916041
915716
915683
917002
917613
917118
916407
915806
915158
915304
915196
914747
914273
912904
913040
914992
918980
909662
906384
910123
911958
912705
912581
912283
912708
913362
914056
913899
913503
914159
914416
913982
913279
912874
912022
911690
911274
910546
910341
910519
910693
910047
908732
908849
908527
909541
909923
909374
909518
909801
910759
911711
911775
911686
911564
911948
911942
912630
912155
910919
910029
909702
910169
909936
909023
909120
908928
908842
907948
907981
907887
908981
909602
909616
909716
909350
909824
910933
911218
911156
911759
912515
912848
912513
912284
911906
911843
911287
910680
910833
909875
910351
910500
909634
909431
909326
909903
910845
911126
911052
911338
912146
912993
913590
913458
913385
914069
914556
915035
914588
913540
913152
913313
913161
912937
912202
911282
912030
911772
910766
910987
911183
911971
912478
912184
912688
912868
913489
913932
914843
914989
914792
915950
915983
915899
915161
914616
913983
913958
914201
913585
912386
911883
912917
912624
913506
918526
909799
907707
911541
913295
913864
913720
914163
914579
914712
915084
915682
916863
916233
916015
915323
914583
914897
914578
913731
913349
912752
912840
912933
912888
911844
911928
912226
913232
913748
913963
914181
913963
914054
915189
915339
915547
916371
916237
916196
915631
915225
914062
914182
914170
913746
913496
912910
912712
913054
912375
911373
911002
912001
913078
913348
913324
913433
913721
914311
914965
914314
914237
914869
915303
915397
915313
914687
914470
914041
913987
913760
913042
912287
912332
912365
911297
910652
910862
912037
912568
912720
912927
913341
913307
913485
914935
914772
913927
915419
916183
915815
914708
914556
914711
913917
913499
913243
912641
912331
912490
912594
911521
911443
911891
911999
912348
912814
913664
914046
914095
914453
914504
914190
914523
915917
916156
915509
914280
914434
914336
913535
913341
912773
911851
912476
912253
911608
911447
913841
917815
910143
907649
910451
912133
912550
912963
913883
913942
913955
914299
914820
914813
914459
913956
913746
913274
912578
912070
912217
910975
911396
911916
911727
910842
910084
910567
911476
912275
912632
912515
912647
912770
914027
914342
914121
915011
915279
915141
914420
913981
913984
913617
913072
912616
912520
912442
912586
912298
911432
911547
911706
911906
912399
912659
913114
913454
913906
914497
915217
914809
914172
914695
915477
915925
915210
914507
914261
913931
913536
912648
912266
912497
912431
912812
911739
911297
911186
912478
912974
912688
912739
912409
913061
914451
915012
914704
914554
915830
915923
916455
915956
915398
915081
914407
914886
914950
913898
913911
913715
913967
913041
913081
913364
914118
914736
915171
915371
915471
916013
917131
917286
917709
917941
918489
917930
917580
917248
916761
916134
916128
916230
916079
915862
915987
915220
914626
914119
914033
916648
922179
913347
910644
913671
915212
916333
916759
916979
916615
917073
918187
917892
916772
916289
916104
915830
915212
914634
914909
914011
913909
914425
913687
913282
913072
913715
914301
914165
914142
914204
914510
915166
916219
915868
915637
916372
916595
917169
916389
915592
915513
914891
914223
913706
913310
912893
912847
912930
912104
912252
912359
912881
912855
912707
913347
913529
913493
913914
914812
914341
913934
914904
915005
914946
914143
913376
913215
912635
912013
911868
911304
911103
910575
909904
908996
909368
909542
909876
910309
909776
909746
909730
910426
911988
911180
910456
911288
911877
911914
911863
911109
910566
910033
909139
908827
908485
907914
908101
908298
907929
907368
906733
907003
908260
908283
908344
908040
907954
908358
909205
909828
909607
909885
910769
911162
910476
909550
909366
909434
908852
908374
908030
907288
907324
907889
907477
906742
906362
907037
909981
915142
906307
903773
907194
908796
910418
910516
909797
910967
911257
911843
910577
909904
909638
909282
909278
909597
909353
908805
909328
909521
908327
908423
908293
908933
910105
910287
910309
910122
910913
911593
912106
912101
912141
913372
913631
913361
912995
912330
912800
912627
911896
911658
910738
910889
911303
911560
910885
911181
911241
911919
912704
912955
913250
912988
913447
914440
914914
914860
915720
916482
915720
915377
915443
914974
914397
913775
914459
915281
913899
913604
913475
913177
913120
912803
913154
913737
914052
914285
914399
914810
915301
916404
916246
916359
917014
917513
917549
916906
916502
916059
916236
916095
915352
914954
914299
913845
913914
913593
913573
913902
914826
915036
914941
915426
915176
915883
916267
916805
916596
916676
917829
917880
917739
916919
916272
916317
915622
915354
915221
914410
913490
913904
913879
912608
912836
912727
913036
913211
915743
921431
913056
909450
913235
915103
915587
915297
916396
916580
916011
914901
914036
914080
914132
914154
913320
912752
912714
912429
911900
910713
911212
911495
911852
912259
912556
913262
912928
913168
914073
914277
914051
914356
914893
914800
914313
913593
913126
913562
913406
912656
912255
911265
911128
911647
910889
909702
910401
910922
911321
911978
911682
911505
912001
912442
912973
913150
912987
914075
914903
914896
914166
913303
912644
912008
911645
911930
912130
910955
910730
911140
910421
910241
910199
911252
911682
911567
911564
911654
911976
912502
913485
913367
912845
914157
914364
914079
913526
913244
913317
912857
913079
912811
912345
911563
911766
911708
910411
910472
910739
911400
912002
911982
912199
912315
912761
913426
913692
913841
913762
914362
914026
914308
913898
913262
912871
912782
912371
911846
910897
911031
911501
910997
909666
910165
910354
910753
911239
911336
913580
918505
910216
908041
910735
912047
912800
913316
912855
912996
912860
912760
912553
911698
911382
910762
909881
909979
910174
909594
908864
909202
909913
910059
910133
910164
910440
910826
911052
912066
911635
911686
912611
912820
912847
912225
911079
911050
910868
910294
909978
909669
909174
909095
909438
909005
908729
908487
908847
909563
910029
910045
909787
910384
910870
911757
911467
911161
911984
912408
912652
912281
911237
910535
910547
910284
909717
909472
909263
909262
909460
908162
907866
907679
908968
909946
909794
909737
909731
910256
910521
911111
911386
911322
912796
912833
913184
912328
911583
911485
910406
910620
910915
910813
910178
909905
909928
909210
909397
909368
909641
910318
910489
910955
911323
911723
912348
912581
912916
913644
914824
914001
913640
913011
912728
912904
912689
912419
912398
911454
911788
912247
911780
911622
911460
911540
911943
912761
912801
912982
915460
920316
911920
909943
912784
914560
915930
916436
915748
914676
914613
915208
914878
914408
913800
912595
912924
913405
912875
912350
912554
912981
913278
914186
914369
913960
914335
915326
916366
916232
916045
917165
917561
917247
916399
916126
916105
915636
915387
915882
915354
914298
914571
914967
914038
913459
913506
914183
914945
915145
915188
915808
916048
916974
917731
917972
917346
918230
918399
918678
917750
917277
917140
916553
916623
916791
916592
916043
915470
914901
914489
914882
914531
915210
916040
916151
916400
916169
916225
917207
917949
917696
917674
918259
917757
917954
917747
916925
916861
916430
916499
916120
915063
914665
914871
914574
913701
913877
914292
915490
915968
915057
915269
915742
916138
917194
917078
916709
916681
917229
917464
917142
916771
915903
915489
914982
914901
914323
913043
913044
913593
912913
912518
912550
913395
913309
913505
914114
913797
914200
917035
921610
912571
910019
914247
915017
915306
915054
914647
914214
913841
913962
913598
912636
911792
912556
912726
911162
910921
911102
912013
913320
913034
913271
913616
913747
914693
915504
915704
915226
916406
916409
916375
915367
914751
915273
914605
914337
914332
913546
912953
912666
912773
911662
912055
912703
913592
913892
913516
913568
913704
914127
914881
915181
915383
915715
916410
916645
916479
915391
914588
913975
913554
913683
913115
912480
912429
912180
912050
911088
911517
911854
912590
912407
912303
913216
913228
913095
913905
914060
913647
914227
915238
915583
914967
913947
913307
913361
912998
912603
912234
911370
911169
911487
910769
910495
910268
910961
911108
910565
911080
911540
911331
912021
912713
912328
912378
913265
913573
913741
912552
911957
911672
911270
911099
910828
910360
909290
909419
909501
908035
908058
908332
908873
909367
909556
909596
909537
909900
910100
910525
912715
917291
909126
906388
909933
910613
909848
909368
909006
908827
908654
907933
907093
907062
907619
906644
906723
906551
907366
908402
908110
907912
908118
908898
909365
909210
909112
908960
910157
910486
910318
909482
908607
909151
908929
907960
908105
907736
907308
907278
907130
906414
906607
906466
907227
907514
907600
908039
908303
908794
909801
909620
909795
910918
911719
911440
911249
910702
910017
909564
909411
908940
908810
908474
908678
908907
907881
907801
907686
908341
909195
909849
909840
909952
910377
910510
911666
911860
911802
912610
913102
913495
912708
912032
911837
911235
911696
911722
910546
909730
910428
910797
909571
909793
910037
910870
911699
912190
912123
911856
912462
913348
913927
913896
913866
914590
914914
915148
914627
914172
913892
913598
913257
913289
912646
912182
912394
912662
912241
912395
911685
912181
913194
913006
913331
913640
914018
915083
915469
915424
917926
923581
914636
911851
914182
915114
915551
915141
914475
914510
913789
913583
913668
913766
913314
912955
912934
913659
914814
914473
914665
914595
914922
916612
916958
915937
916592
917621
917998
917347
916626
916389
916606
916192
915136
914982
914424
914646
914866
914185
914051
914252
914555
915263
915247
914780
914730
915359
916153
917290
917165
916962
917648
917787
918403
917536
917213
917021
916384
916448
916216
915374
914708
914936
914884
914224
914007
914312
914944
915105
914988
915504
915490
915754
916624
917765
917771
917419
917942
918183
918660
917104
916840
916672
916154
916206
915767
915129
914627
914209
914171
913905
913727
913566
914320
914938
914917
915087
915131
915454
916272
917057
916858
916398
917058
917418
916975
916008
915705
915429
914679
914423
913965
913432
913387
912765
912206
911552
911920
912154
912605
913367
912881
913198
913262
913142
913987
914528
914462
914744
917730
922195
912541
909155
911816
913091
912971
912498
912480
911676
911417
911218
910280
910188
910357
910493
911615
912195
912119
911656
911706
911976
913457
913315
912687
913172
913741
914129
912987
911934
912190
911844
911481
911288
910796
910121
909652
909820
909223
908783
908692
909245
910110
910126
910282
910184
910467
910925
911633
911760
911688
912320
912560
912431
911695
911269
910913
910352
910245
909746
909493
909140
908562
909149
908275
908153
908555
909499
909929
909266
910126
910276
910107
911097
911626
911629
912028
913288
912924
912071
911879
911384
911604
911594
911017
910918
909630
909542
909503
909437
909238
909348
909465
909879
910527
910419
911059
911103
911087
912840
912748
912201
912105
912921
912970
912754
912667
912418
912153
911210
910655
910258
910160
910672
910771
909326
908736
909624
910142
910751
911409
911275
911001
911214
911765
912532
912417
912545
912957
913340
916030
919314
909491
906930
909937
910840
910349
909804
909133
909539
909902
908482
908707
909025
909650
910034
910134
910760
910435
911133
911829
913031
912787
912233
913420
913155
913175
912828
912831
912742
912481
912331
912150
911128
910628
910903
911773
910953
910880
911303
912350
912708
912763
913406
913362
913777
914940
915296
915737
915757
916588
916552
916577
915805
915322
915310
914865
914830
914397
913858
914075
914182
913755
912990
913173
913295
914469
914500
914403
914088
914501
915217
916395
916682
916332
916665
917205
916730
916618
916357
915852
915595
915396
914791
914705
913776
913397
913359
912974
912692
912638
913138
913149
913558
914157
914492
914219
914403
915277
915196
914691
915739
915612
915766
915493
914303
914274
914220
913304
912763
912395
911523
911640
912089
911164
910595
910500
910893
911267
911405
911683
911578
912132
912710
913124
913015
913014
913294
913180
913688
915638
918876
909211
906565
909136
910148
910041
909603
909331
910029
908991
908881
909051
909633
910238
909885
909875
910108
911018
911563
911723
912186
911765
912402
913124
913321
911651
911214
911010
910691
910842
910334
909353
909013
909764
909465
908862
909025
909169
910194
910777
910848
911610
911751
911922
912667
913114
913500
914106
915007
914697
914932
914947
914563
914356
914039
913766
913882
913493
913566
913621
913501
913864
914205
914362
915457
915792
915816
916347
916790
917482
918760
918912
918882
919279
919948
920311
919927
919559
918791
918629
919292
919084
918100
917199
917819
918366
917197
917327
917075
917970
918372
918406
918905
918959
919332
919823
920173
919792
920115
922085
921822
920971
920341
919569
919700
919334
918636
918281
917730
916925
916999
917467
916321
916170
916318
916972
917280
917339
917569
916832
917107
918295
919172
919376
919568
919772
919243
918425
917682
917659
921431
921159
911148
912040
913646
913998
914146
914176
912921
912519
912630
913470
914006
913240
913175
913208
913525
913575
913269
913617
913711
914875
914286
913237
912652
911932
911478
910686
910312
910276
909246
908693
908606
907781
907271
906672
906487
907266
907899
907861
907562
907595
907948
908593
908260
908250
908745
908606
907890
906944
906504
906422
906241
905713
905471
905059
903525
903223
903741
902759
902209
902589
903238
903681
902672
902944
903758
904363
904838
905068
904661
904429
906088
905515
905565
905510
904825
904226
903938
904044
903683
903082
902995
902966
903430
902270
902123
902475
903315
903892
904235
904744
904734
905173
905888
906594
907086
907704
908531
907986
908016
907320
906925
907472
907624
907381
906987
906728
906687
906438
906372
906165
906352
907014
907690
908133
907640
908420
908974
909573
910225
910767
911654
912144
912610
912116
912253
911431
910961
913434
917649
908612
905761
908059
909706
909827
909853
909168
909623
909850
910432
911107
911053
910930
911427
911484
912769
912922
912814
913610
914329
914106
913286
912881
912426
912487
911618
910862
910811
910216
910071
910103
909407
908780
908866
909466
910024
909564
910016
910659
910973
911294
911608
911640
911112
912387
912572
912217
911558
910116
909907
909582
909619
909377
908551
908181
907847
907878
907429
907895
907354
907519
908273
908139
908474
909121
908929
909601
909963
909585
909591
910935
910648
910308
909794
909543
909954
909332
909100
909167
908868
908569
908793
908635
907614
908148
908484
909480
910252
909732
910245
911037
911329
912364
912920
912636
912786
913632
913209
913153
912502
912619
912553
912288
911619
911687
911259
911480
911695
911558
910715
911056
910961
911266
911649
911646
912016
912580
913169
914206
914128
913924
914292
914737
914751
914491
913552
912700
912585
914547
918964
909469
905602
908688
909707
909461
908958
909252
910411
910212
910137
910280
910484
910927
911094
912054
912352
911548
912174
912229
911954
911719
910796
910333
909906
909586
909366
908893
908003
907890
908023
907141
907356
907275
907834
907951
908086
908637
908762
908351
908436
909475
909799
909867
910311
910765
910784
910011
908976
908939
908814
908459
908693
908022
907336
907175
907398
906045
906535
906667
907390
908803
908459
908772
909090
908996
909650
910741
911192
911112
912151
912101
912087
911789
911548
911427
911458
911046
910479
909414
909629
910407
909727
909162
910084
910634
910854
911739
912016
912012
912594
912938
914048
914315
914990
915428
915445
915686
915700
915081
914763
914535
914082
913811
913864
913611
913756
913575
912806
912446
912211
913031
914086
914227
914499
914721
915229
915710
916229
916207
915893
916367
917134
917603
917715
917035
916684
916834
916974
916322
918103
922482
913187
911029
913146
914006
914420
915491
916359
916625
916903
916844
917521
918167
918821
918870
918552
919749
920118
919742
919185
918312
918016
917629
917749
917065
916244
916178
916633
916630
915506
915732
915734
916406
917387
917232
917602
917748
918178
919188
919497
918765
918937
919901
920182
920513
920128
919322
919132
918564
918775
917806
916405
916983
917628
917418
916341
916341
916626
917804
918355
918192
918331
918103
918210
919593
919534
919142
920077
921066
920388
920258
919691
919303
918942
918758
918130
917731
917207
917478
917563
916733
916387
916795
916693
917118
917757
917736
917811
918161
918854
919657
919472
919062
919508
919530
919242
918542
918349
918205
917834
917465
916965
916755
916013
916100
915955
914792
915092
915190
915685
915985
915799
916161
916473
916600
917005
917140
917170
917158
918216
917771
917301
917161
916443
916052
915735
915591
915083
914554
916629
920853
911379
907990
910952
912636
913802
914525
914604
914687
914786
914936
915511
915978
916079
916292
916862
916861
916576
915508
914918
914992
914482
914542
914470
913589
913806
913271
912841
912706
913325
913633
913913
914283
914241
914433
914295
914583
915368
915571
916315
916676
916983
917157
916592
915906
915499
915863
915341
915050
915315
914833
915045
915159
914849
914999
915095
915215
915547
915717
916036
916406
916517
917225
918643
918652
918515
919604
919763
919894
919438
919054
918801
918449
918270
918407
918661
918072
918163
918397
917663
917403
917295
917550
918325
918672
919359
919169
920126
921079
921695
921767
921904
922495
921929
922248
921486
921490
921507
920841
920532
920357
919693
919281
919893
920151
918584
918972
919186
919875
920344
920373
920753
920968
921522
922151
922741
923234
923120
923504
923039
923015
922536
921180
921123
921181
921045
920577
919819
920001
921959
926380
916238
914419
918042
919499
920494
919992
919843
920329
920642
921861
921873
921793
921959
922657
922479
922171
921381
920660
920646
920293
920242
920021
918814
918539
918630
917934
917100
916793
917570
917989
918391
918491
918202
918385
918738
919242
919066
919083
919045
918984
918848
918289
917328
916995
916334
915722
914832
914316
913318
913108
912867
911564
911701
911606
912015
912307
911808
911717
911592
911541
911275
911895
912287
911558
911877
911855
911679
910510
910127
909945
908850
908323
907655
907025
906656
906402
906391
904638
904753
904971
905205
905430
905036
905613
905820
905730
906326
906528
906343
906264
907401
907333
906775
906329
905947
905855
905072
903968
904263
903616
903209
903305
903485
902924
903285
902984
903328
903775
903896
904440
903924
904073
905519
905571
905366
905532
905941
905674
905587
905229
904863
904492
903825
903654
903592
902964
902766
902782
904896
908639
899492
897742
901097
902534
902820
902700
902872
903312
904149
904890
905118
905699
906086
905552
905016
904324
904216
903889
904343
903696
903073
902731
902933
903106
901777
901820
902039
902587
903059
903626
903344
904170
904566
904729
906014
905907
905752
907045
907156
907408
906974
906481
906573
906624
906485
906312
906341
906226
906600
906826
905811
906073
906935
907879
908706
909212
909823
910397
910420
911429
912657
912740
913103
914478
915081
915299
915240
914747
914936
915056
915227
915836
915385
915551
916172
916427
915991
917095
917970
919040
919842
919856
920630
921438
922628
923530
923966
924550
925449
926806
927074
926787
926393
926548
927443
927451
927177
927350
927279
927699
928085
928447
928356
928910
928995
929375
930303
930103
931004
931488
931937
933168
932955
933370
934850
935442
935081
934511
934693
934898
934276
933651
933366
933455
933095
933058
933244
932052
934372
939190
930746
929035
932402
934280
934365
934513
935245
936123
936138
936414
937705
938095
937862
936509
936130
936323
936492
936643
936096
935250
934579
934815
935140
933994
934635
935272
935662
936128
936050
937384
938471
938522
939499
939888
940257
940197
941194
941187
941185
940441
940420
941236
941302
941305
940685
939798
939745
940333
940458
938844
938806
938837
939791
940353
940352
940202
940072
940219
941541
941862
941271
941598
941325
940406
940856
940658
939980
939701
938881
938239
938287
937360
936874
936748
935917
934762
934600
934898
935245
935183
935148
934984
935187
935274
935931
935569
934909
935605
936129
936153
935440
933991
932958
932520
932083
931271
930299
929033
928624
929258
927752
926889
925827
925537
926012
925319
925239
924474
924000
924096
923838
923672
922797
923125
922849
922097
920682
919140
918275
917528
916813
915815
914826
913752
912960
912745
911776
911583
913266
918859
910647
907634
910509
912103
913261
914267
915009
915397
915225
915994
915395
915451
914877
914475
914598
914451
913898
913989
913808
913388
912819
913244
911994
911511
911556
912281
912794
912745
913468
913929
913980
914624
914804
915549
915922
916099
916304
916306
916345
915745
915275
914983
915259
915083
914851
915198
915216
914562
913304
913609
913680
914149
914697
913911
913620
913609
913561
914097
914103
913074
912736
912570
911356
909939
908725
907662
907124
905924
904795
903732
901511
900394
899946
898324
897088
895521
894870
894585
894127
893042
892052
891147
889512
888831
887329
886006
885430
884006
882375
879684
877068
874981
872784
871027
868616
866357
863099
861069
859549
856157
853961
851608
850183
849059
846602
844598
842583
841053
839798
838037
836113
833271
832009
830048
827523
824902
822435
820049
817347
814964
812413
809495
807088
804902
802392
799683
797746
795851
796955
799671
789097
784159
785019
784224
783271
781876
779542
777696
776548
774216
772414
769144
766775
764631
761456
759009
756709
753818
751808
749741
746886
744020
742283
740343
738810
737298
734554
732202
730526
728480
726815
723975
721143
719617
717717
714694
711346
707899
705081
702068
698479
694729
691331
687624
684445
681212
676872
673569
670359
666937
663190
659906
655993
651901
647820
643875
640490
635758
631620
628296
622861
617853
612634
606820
601539
595144
589625
584154
577863
571613
565935
560305
553896
547965
541880
535953
529818
523581
516758
510431
504814
498042
491910
485239
478402
471869
464937
457662
450046
442766
435720
427833
420587
413528
405402
398067
391128
384394
376784
369916
363442
356926
350106
343569
337788
331292
325226
319875
313335
307437
301364
296556
290651
284726
278818
272982
267469
261599
256386
251417
245641
241339
237162
232654
227478
223243
220033
217264
216401
216666
204586
199386
199447
198387
195957
193238
190792
188436
185708
182838
179726
177062
174774
172001
169703
166758
164118
162786
161276
158536
156861
156006
155067
153739
152513
151436
150602
149840
149727
149632
148813
147909
147586
146719
146554
145269
143905
143882
143372
142709
141657
141124
140755
141069
141037
139391
139690
139953
140728
141765
142431
142763
143241
144663
145947
147197
148444
149670
152160
153187
154276
155372
156214
158521
160472
162549
164749
167300
170930
174965
178699
181612
186077
191148
197383
203929
210179
216872
223576
231483
239739
248226
257186
266232
275835
284952
294839
304610
314898
325847
336525
348263
359806
371031
383652
396170
408130
419553
432844
446649
459689
472729
485875
499280
512192
524847
537848
550099
562062
574082
586187
598889
610962
623741
636801
650899
666064
682068
699016
716417
735765
755615
775420
796280
817256
838500
859532
879731
901150
925431
935495
948971
967801
983287
997184
1010702
1022389
1032656
1041205
1050022
1058654
1066285
1073156
1079613
1085231
1090417
1096746
1102388
1105757
1109774
1114208
1119021
1123046
1126865
1130839
1134094
1139196
1143981
1149004
1154192
1157535
1161913
1166243
1170786
1173453
1176344
1179569
1182638
1185538
1188359
1190466
1193845
1197261
1200430
1203267
1207922
1212670
1217813
1223077
1227395
1231920
1234963
1238028
1242153
1244672
1246429
1247792
1249292
1249303
1249504
1249053
1248304
1248407
1248516
1249347
1250053
1250644
1253342
1255728
1258466
1261586
1265987
1271132
1275593
1280667
1285884
1291026
1295542
1299902
1304786
1309013
1312983
1317603
1321232
1324250
1327128
1330213
1333186
1336058
1338877
1341791
1344973
1347677
1350848
1354345
1357038
1360098
1362264
1365132
1369036
1372410
1375361
1378060
1381439
1385037
1389256
1392603
1395846
1400672
1404785
1409105
1413087
1416484
1420521
1425153
1430030
1434764
1438291
1441914
1446951
1452178
1455913
1460285
1463377
1467361
1472072
1475803
1479729
1483567
1489572
1498065
1492133
1492634
1499175
1504813
1508440
1511422
1514104
1516588
1519553
1523299
1526728
1530100
1533577
1537651
1541674
1545453
1548572
1553653
1557679
1562788
1567937
1572687
1577700
1582403
1587401
1592722
1597407
1602295
1607150
1612514
1616349
1620994
1626050
1630180
1634414
1638534
1643046
1647697
1651877
1656174
1660874
1665599
1669809
1674671
1679561
1684421
1689171
1693659
1697982
1702545
1707209
1711228
1714380
1717427
1721133
1725187
1728031
1730140
1732162
1734432
1736627
1739279
1742283
1744947
1747237
1750205
1753314
1755563
1758697
1762209
1766779
1771690
1775746
1780055
1784127
1788641
1793309
1798609
1802964
1806980
1812181
1816246
1820533
1823671
1826711
1830456
1833467
1835986
1838371
1840162
1841965
1843806
1845038
1844954
1846076
1846953
1847815
1848155
1848047
1847468
1846605
1845750
1844349
1842834
1840998
1838023
1835992
1833049
1830483
1827026
1823190
1819149
1814369
1809888
1805476
1800346
1795176
1790719
1786094
1779732
1774460
1768352
1762900
1758059
1751733
1745966
1739933
1733283
1729845
1727624
1711283
1701844
1698079
1691675
1684066
1675875
1667990
1660214
1651712
1643391
1635484
1626637
1618328
1611006
1603953
1595671
1588162
1581700
1575461
1568889
1562655
1556681
1550833
1545388
1541202
1536167
1531338
1527204
1522186
1517834
1513476
1508519
1503738
1499833
1495738
1491415
1487559
1482938
1479197
1475047
1470840
1466090
1461901
1457820
1454581
1450968
1447760
1443785
1439163
1435581
1432203
1428148
1424249
1420963
1417096
1413322
1409365
1406354
1402424
1398605
1395408
1391578
1387757
1384600
1382050
1379346
1375390
1372514
1369729
1367423
1365610
1361782
1358399
1355380
1352694
1349493
1346022
1342482
1338634
1335406
1330814
1326363
1321962
1317078
1311842
1306548
1301448
1296223
1290755
1285542
1280455
1275387
1268579
1263511
1258106
1253188
1248897
1243442
1238041
1233041
1227829
1222996
1217949
1211956
1206145
1201900
1196290
1189929
1183720
1177022
1170784
1164646
1158693
1152625
1145626
1139332
1133329
1127319
1120457
1115218
1109507
1103897
1098106
1092328
1086917
1080890
1075288
1070809
1067043
1065261
1050032
1041651
1039562
1034216
1027076
1020481
1014613
1008695
1002371
996080
989961
983988
978317
972134
966147
959939
955164
950228
944944
939106
933991
928759
923677
919423
914645
908889
904172
899013
893517
887931
882734
877101
870764
864895
859571
854847
849021
843472
839029
833447
828935
824149
819337
814787
810022
805256
800505
796471
793091
789629
784595
780456
777234
773070
769001
764643
760324
756354
752703
748859
745598
741811
737985
734986
732297
728196
725065
722642
720924
718813
715732
712933
710984
708492
706323
704583
701879
698679
696266
693989
691373
688289
684771
681583
678315
675704
672958
668776
665696
663677
661109
657397
655532
653844
651919
650022
648159
646336
643962
642032
641540
640353
638501
637073
635790
634482
632327
630047
627874
626345
624613
623198
621239
618660
617298
616251
613857
611944
610917
609800
608830
607787
605931
604646
603623
602636
601697
600133
600522
604325
594674
590866
591967
591681
590526
589340
588705
587341
585955
584559
583961
584266
583155
582762
582761
583453
583877
583371
583239
583268
583075
583655
584271
583999
583142
583934
583597
583284
581477
580139
579852
578556
577955
577227
576046
575056
574488
573986
572484
572428
571964
572289
572883
572527
572244
572132
572127
573093
573463
573375
572993
573166
573122
572961
572216
571367
571401
570772
570142
570193
569379
568867
568638
568033
566778
566694
566845
567269
567953
568586
568661
568461
568907
570114
570580
570259
570575
571935
572563
572160
572087
572466
572562
572783
573491
574195
574400
575638
576490
576242
577028
578241
579457
581390
582593
582987
584314
585485
586544
588096
588838
589502
590670
591429
591598
590998
591083
591585
590907
590405
590474
590496
589915
590122
590355
589552
590224
590156
590632
591150
590740
591237
591429
591417
591668
592147
591277
590547
593603
598039
588500
584018
585754
586543
585393
584297
582776
581686
580681
579198
578186
576337
575863
575218
575379
574916
574426
573850
573070
572323
573242
573314
572822
572539
573416
573271
572752
571887
571241
571341
571319
571242
571252
570988
571140
571899
572766
572741
573973
575474
577170
578517
580298
582112
583851
585646
588518
590568
593213
595908
598844
601409
603968
606628
609864
613067
617017
621221
625761
630245
635705
641753
648270
654664
662041
670383
679475
688860
697973
707844
718672
729331
740432
751719
763329
775634
787068
798567
809590
820115
831199
842942
853532
864324
875581
886163
896988
908194
918113
929059
940078
951096
962922
974166
985992
997733
1008970
1020772
1033490
1045855
1058314
1072372
1086076
1099936
1112905
1127393
1142297
1156601
1171098
1186304
1200939
1215969
1231924
1248068
1263177
1279218
1295133
1311437
1328405
1344372
1360925
1377138
1393393
1411279
1428930
1446144
1464223
1483494
1504835
1528931
1539359
1556869
1581876
1605564
1629280
1653987
1679375
1706565
1734967
1763707
1793037
1824733
1856999
1890437
1924397
1958075
1992510
2026723
2061294
2096992
2132408
2166941
2202150
2237227
2271124
2304657
2338865
2371785
2404724
2437101
2469734
2502284
2533495
2564712
2595259
2625284
2654263
2683657
2712403
2740128
2767200
2793680
2818580
2842841
2867256
2891708
2914143
2935192
2956786
2977457
2997294
3015078
3032124
3049548
3065907
3081333
3095311
3109321
3123017
3136720
3149575
3161523
3173330
3184099
3195089
3204767
3213800
3222437
3229488
3236347
3242751
3247553
3250518
3252075
3254369
3253819
3251159
3247236
3241628
3235946
3228521
3219568
3209633
3197215
3183993
3171011
3156868
3140704
3124802
3107865
3090438
3072194
3054153
3035348
3015631
2996112
2976980
2956978
2936685
2916056
2896309
2874742
2852870
2830470
2807040
2784269
2761127
2737304
2712062
2685856
2659952
2633477
2606476
2577998
2550901
2522768
2493997
2465232
2435644
2406105
2376629
2346800
2317717
2288164
2258646
2228270
2199110
2169877
2142915
2117755
2078679
2047841
2021782
1993522
1965298
1936402
1908018
1879243
1850852
1822353
1793962
1765892
1736589
1707446
1677179
1646338
1614988
1583008
1550127
1515486
1479208
1441947
1402686
1361452
1318250
1273239
1226598
1178247
1128475
1077325
1024568
969852
914838
857876
799680
741532
682748
623894
566355
508907
453955
400853
349709
302338
259644
220191
184816
154130
126897
102496
81406
65202
53652
47238
32350
25785
26500
27321
29136
31352
31250
30927
29787
28750
27566
25655
23129
18949
14496
-9767
-3352
4424
12458
20102
28178
35242
41224
46724
50785
54675
55841
54888
52949
48905
41848
32671
23314
12721
2952
-6008
12830
18282
22826
24681
24362
24150
22070
18135
13774
-8823
-3865
1117
6028
8956
11231
12709
13060
11727
9671
7346
3670
-414
-5656
11511
17984
24182
29818
33910
36786
37683
36849
35343
31887
27281
21929
15098
-8343
88
7817
14218
20836
26366
29921
33041
34357
34340
33408
32195
30224
26950
22530
18496
13637
8820
5045
2721
476
-583
-810
-629
380
3028
4937
6885
9059
11919
14594
15829
15918
16632
16996
15645
13226
10753
7612
4132
-306
-4886
-9519
15065
19675
23900
28607
31736
33261
34097
34573
33069
30511
27112
23096
19098
14067
-9284
-4807
281
5120
8854
10927
13167
14353
14726
14937
14997
14297
12795
11362
9613
7347
5260
3631
2404
1222
1367
2103
3337
5131
6814
9147
10656
11979
14772
16554
17862
19229
19645
18864
17850
15899
13851
11584
8263
4419
341
-4834
-8221
11565
15265
18481
21361
22852
24470
24849
23508
21975
20337
17765
14271
11392
-8723
-4540
-1855
595
2528
4022
5451
6462
7113
7467
7056
6076
5537
5135
3835
3634
3409
3058
2509
2641
3449
4029
3691
4203
5767
7169
7688
8650
9608
10565
11373
12081
12367
11663
11118
10792
9299
7520
5434
4290
1649
-108
-1947
-4004
-6044
-7992
-8953
-9859
10625
10755
11315
10839
10073
-8919
-8205
-7025
-5813
-4174
-2953
-2014
-674
599
1406
1847
2337
2763
2244
2869
3050
3516
3431
3340
3940
3787
3819
3769
3308
3310
3722
3495
3210
3317
3357
3814
4570
4399
5199
5699
5401
5760
6982
6743
6302
5395
5638
4962
3586
3105
2264
1125
256
-782
-2356
-3955
-4207
-5143
-5790
-5764
-5727
-5952
-5569
-4901
-4355
-4263
-3752
-2125
-658
-365
725
1330
2621
3236
3719
4633
4760
3947
3525
3743
3142
1964
2383
1738
1124
22
-119
-416
-700
-517
-215
163
1072
2001
3098
3241
4477
5038
5611
6622
7020
7470
7161
7313
7518
6922
5008
3052
2272
1135
-547
-2060
-3068
-4120
-4798
-5041
-4909
-5522
-4996
-3648
-3193
-2785
-1163
110
1584
2259
3076
3567
3982
4504
4919
4380
4151
3459
2750
1648
469
200
-114
-1215
-2237
-2802
-2870
-3254
-2466
-1917
-1413
-456
395
2035
3171
4546
5502
6385
7075
7830
7971
7935
7250
6688
5494
4738
2986
1396
638
-670
-2057
-2593
-2987
-3800
-4225
-4048
-3561
-2611
-2389
-1364
-473
704
2033
3426
4354
4503
4848
5061
4607
4920
4149
3086
2145
1207
307
-1092
-2026
-2556
-3194
-3810
-3872
-3701
-4046
-3254
-2082
-995
59
1519
2683
3281
3959
5137
6021
5731
5937
6333
5826
5065
3685
3133
2402
876
145
-501
-1852
-2521
-2406
-2980
-2872
-2268
-1998
-1492
-748
291
1760
2203
2726
3969
3666
3656
4152
4188
3718
2882
2406
2005
1207
-130
-743
-885
-1952
-2641
-2567
-3032
-3155
-2567
-1821
-1452
-420
231
833
1664
2268
3348
4195
4170
4697
4681
4377
3663
3576
3179
2135
1185
694
140
-807
-943
-1088
-1676
-1902
-2327
-1429
-609
-259
420
1099
1580
2064
2698
2803
3102
3554
3091
2810
2768
2130
1501
635
523
849
38
-761
-845
-712
-1998
-2453
-2143
-1790
-1750
-968
119
819
988
1416
1775
1642
1099
2639
3183
2799
2267
1841
378
-5100
14075
27078
40923
54052
68297
86996
118706
1844872
1885032
1917190
1946284
1964672
1956026
1901388
1801136
1675659
1552670
1451907
1371631
1303766
1242199
1184896
1129739
1076257
1040382
1040952
1071149
1117404
1173420
1233263
1297738
1368580
1427477
1496554
1577718
1662452
1750650
1837215
1915742
1981919
2032539
2065078
2084057
2098879
2114279
2136601
2166370
2196519
2224120
2247448
2263983
2278287
2295249
2319632
2351409
2389999
2434934
2479182
2520793
2559354
2598002
2636994
2675590
2712201
2745712
2774364
2794781
2805355
2807289
2802319
2790551
2774332
2758571
2742423
2728360
2718704
2715715
2721344
2734524
2753420
2777482
2805018
2836346
2870836
2905314
2936617
2964936
2987814
3004275
3011901
3011457
3005514
2992921
2975751
2954914
2930140
2903009
2874483
2846741
2818969
2793303
2770819
2751609
2735823
2722122
2710400
2700145
2689854
2680235
2669834
2658483
2645859
2632792
2617210
2599946
2580454
2557998
2534614
2510541
2485568
2460153
2432189
2403886
2376039
2348352
2320651
2293468
2266903
2241383
2218164
2196334
2175539
2156402
2137110
2120367
2105707
2091894
2080120
2069542
2059195
2049002
2038250
2026299
2012381
1999070
1985216
1970350
1953731
1935613
1917800
1898853
1878903
1859353
1839829
1820870
1803912
1787945
1771998
1757401
1743059
1732199
1724213
1701647
1687264
1678903
1669935
1658803
1646499
1633563
1620629
1607487
1594474
1581188
1568234
1555925
1545769
1535205
1525781
1516304
1508823
1503461
1498535
1494768
1491936
1489238
1487994
1486748
1485947
1484315
1483982
1483580
1482698
1481319
1478971
1476688
1474427
1472300
1470944
1468633
1465699
1464411
1465264
1465059
1465030
1465802
1467510
1470937
1474001
1478609
1484894
1491009
1498131
1506916
1516897
1527385
1539066
1551167
1564318
1576583
1586125
1594517
1600873
1604501
1606105
1605024
1600883
1594063
1585848
1575280
1563139
1549490
1535657
1523240
1511702
1500151
1489581
1479392
1471354
1464960
1458651
1454425
1451536
1449482
1448850
1448003
1447265
1447337
1447545
1448961
1451218
1452276
1453118
1455409
1456735
1457666
1457107
1456044
1455650
1453819
1451224
1448507
1444507
1438959
1433974
1428164
1420542
1414142
1408175
1403158
1398561
1393436
1389174
1385871
1384019
1383073
1382725
1382475
1381970
1383502
1384058
1384406
1383613
1381823
1381075
1379988
1378314
1375940
1373553
1370765
1368397
1368708
1369969
1358693
1355476
1359322
1360981
1361752
1362580
1362774
1363547
1365070
1365368
1365476
1365135
1365424
1364288
1361960
1358434
1355074
1351720
1347834
1344123
1340279
1335992
1332091
1328902
1325309
1320875
1318062
1315664
1312972
1310310
1307342
1304123
1300798
1297928
1295618
1292446
1289028
1286370
1283598
1279863
1275771
1271646
1266906
1262855
1259049
1254709
1250551
1245636
1241210
1237077
1231890
1226882
1221940
1216946
1212547
1207412
1202262
1196195
1191596
1187680
1183587
1178814
1174104
1170424
1166650
1161866
1156945
1152398
1147810
1142969
1138197
1132340
1127048
1121073
1115413
1109394
1101169
1094068
1087583
1081614
1075468
1068612
1061936
1054851
1049238
1043661
1038284
1031925
1025305
1020364
1013967
1008478
1001697
995133
988925
982800
976566
969800
962909
956800
950601
944217
936622
930793
925155
920406
915663
910231
905181
900060
895494
891770
887375
882747
878778
875661
871267
867092
861336
855938
852605
848215
843178
838277
833230
829302
825549
820753
817626
819076
807218
802142
802322
799517
796541
793934
791648
790604
788697
786217
784188
783418
781763
779926
777630
776028
775471
774123
772391
772150
771007
770692
770376
769705
769512
769663
770344
771497
772376
772576
773643
775224
777485
780602
782182
784114
787420
789947
792353
794475
797028
800161
803326
806612
810407
814255
817837
822494
827266
830140
833019
836948
841630
845782
848647
850718
852651
854299
855068
855262
853812
851908
850384
847184
843496
837672
831690
826356
820905
814925
808672
802178
796436
790542
785237
779238
775645
771025
767546
763726
759179
755361
752227
749583
746758
743613
740371
737135
736172
733498
730722
727501
724486
721924
719151
716194
713230
710155
707761
705133
702235
698193
696148
694606
693019
691188
688428
686660
685668
685044
684952
684358
684371
685086
686087
686868
687024
687153
687312
689033
690889
691936
693439
694432
696077
697903
699095
700507
705633
712282
706094
706277
710896
713707
717203
719968
722671
724652
727267
730040
732761
734890
735875
737244
738728
740365
741992
742651
743837
744787
746201
747813
747704
748856
750571
752129
754214
755099
756387
757434
759571
761402
763354
765354
767071
769575
771451
772987
773632
773992
775390
776537
777852
778648
779046
780121
781651
782649
782171
783156
783979
785613
787272
787659
788512
788524
789690
791530
792845
794166
795447
797541
798823
800021
800198
800785
802850
803602
804478
805651
806227
807482
808888
809741
809328
810539
812320
813479
814061
814589
814996
815569
816857
818670
819149
820057
821124
822780
823297
823511
823032
823174
823888
824391
824303
824615
824194
824845
824793
824161
823633
824310
825192
826299
826649
826892
827237
827967
828809
830467
830831
831321
832818
833767
834726
835142
834717
835061
835969
835890
834680
834369
833347
832936
832676
830736
829907
829909
831903
836460
826373
822540
824756
826171
826812
827161
826459
825826
826957
827395
826950
825713
825117
825032
824964
824753
823591
823128
822874
823038
822799
820548
820601
820912
821379
822086
821412
821399
821779
822692
823912
825129
825880
826136
827819
828693
830285
830161
830089
830960
831578
832290
832775
832734
833803
834590
834899
834058
834567
835844
837024
837903
838108
838907
839427
839724
841553
842571
843343
844552
846137
847129
847429
847082
847429
848457
848564
848792
848684
848596
848980
848970
848254
847646
847799
847939
849110
849039
848639
848567
849047
849031
850499
851227
851605
852575
853525
854014
853752
853201
853236
853491
853912
853540
853917
852964
853210
853441
852483
851873
851541
851607
852169
852239
851955
852033
853389
853676
854716
854407
854602
856879
858214
858519
857954
857483
857540
857934
858763
858913
858565
858211
858517
859309
858109
857730
858404
859305
860483
862043
866802
858047
856087
860480
863196
864218
865367
867126
867935
868652
868759
869107
870382
870664
871157
871532
871640
872436
873317
873037
871986
872241
872943
874712
875934
875523
875897
877305
878475
879886
880929
882017
883299
885511
886778
887307
887003
887182
888135
889145
889332
889148
888475
889045
889520
889443
888594
888869
889383
889790
889847
889312
889343
889873
890313
892276
892625
892394
893515
894499
895589
896016
895696
895814
896777
897930
897619
897059
896360
896409
897256
896536
896044
895889
896497
897644
897651
897159
897257
898074
899081
900547
900423
900732
902126
902481
902818
902499
902226
902320
902777
903122
902797
902445
901954
901759
901568
899745
899328
898824
899073
899921
899191
898741
899030
899441
900019
900332
900362
901497
903447
903039
902976
902176
902038
902757
902677
902646
902001
901901
902262
901682
901573
900251
900193
899957
900765
901663
901255
903742
907909
899377
898431
901583
903567
905109
906384
906459
906747
905999
905854
906957
906581
905898
906013
905550
905955
905755
904171
902806
902984
903092
904103
904162
903263
902992
902763
903558
904760
904650
904665
905240
906881
907506
906623
906262
906445
906948
906832
906247
906337
904944
904898
905253
904233
902881
902861
903663
904048
903277
903128
902441
902753
903740
904654
904862
905111
906795
907447
907932
907336
907222
907615
907712
907597
906997
907225
906869
907430
907708
906076
905995
905797
906095
906397
905985
906199
905950
906829
907638
908191
908759
908899
910437
910165
910116
909662
909660
909940
910108
910319
909529
908767
908226
908089
907931
905689
905913
906156
906089
906384
905337
905076
905352
905538
906532
906926
906890
907304
908917
909148
909048
908689
908192
908252
908332
908034
907432
906747
906876
906821
906313
905041
904633
904625
904497
904845
904062
903859
906403
911223
903503
900143
903312
905886
907615
908122
908350
907599
907084
907759
908116
907972
907824
907116
907785
908225
906828
905912
906136
907019
907960
907410
907192
907097
908080
908884
910701
911411
911770
913453
914718
915097
914260
914338
915558
915825
915460
915895
916056
915475
915578
915374
914148
914029
914196
914847
915042
914046
914335
914185
915061
916148
916841
916675
916524
918833
919747
919639
918500
918248
918765
919114
919366
919015
918072
918036
918737
918159
915995
916386
916500
917002
917396
917394
917504
917467
918085
919023
919135
919648
920643
922293
922425
922542
922006
921541
922087
922514
922142
922103
921838
921720
921068
920769
919552
919226
919315
919379
919908
919742
919520
919567
919634
920968
920909
920655
921674
922962
923230
922679
921968
921259
922057
922260
920802
920268
919440
919136
918583
917236
915808
914916
915174
915581
915051
914020
912649
913193
916028
920827
911382
909391
913139
914281
914530
913942
913072
913580
913414
913051
912241
911335
910524
910707
909980
907511
907318
907064
906462
906456
906069
905509
905070
904856
905239
905724
906067
905805
906851
907067
906770
905867
905106
905169
904855
904710
904141
902978
902381
902377
901952
899791
899716
899615
900036
899499
898905
899064
898424
898720
899689
899548
899921
900576
901619
901841
901759
901323
901347
901671
901718
902229
901449
900276
899750
899264
898698
897855
897470
897656
898876
899373
898147
897653
897858
898828
899465
899357
900017
901322
902483
902879
902032
901426
901753
902183
902302
902252
901966
900905
900876
900847
899707
899124
899310
899526
899346
899000
898919
898708
899260
899970
901526
901471
900965
901915
902869
903602
903012
901891
902788
903361
903691
903384
903039
902710
902608
902793
901886
902029
901681
902379
902914
903215
903390
902840
903593
905100
908088
913225
904493
904000
907346
909217
908725
908425
909007
909546
909951
909557
909616
909829
909841
909577
908370
908621
908666
909240
909683
909184
908842
908798
909393
910702
911131
911362
911703
913355
914011
913008
912502
912368
913090
913636
913404
912853
911812
911552
911516
910687
909448
909359
908974
909936
911067
910275
909662
909513
910137
911407
911854
911700
912713
914098
914754
914582
913979
913529
914200
914201
914003
914025
913059
913229
913668
912576
911885
911453
911975
912622
912579
912272
911881
911988
912433
914011
914345
914733
915709
916093
916754
916148
915817
916388
917203
917547
916745
916254
915520
915774
915109
913467
912764
912500
913057
913887
913210
913071
912675
913282
913865
914583
914556
914774
916465
916847
917437
916843
916009
916328
916636
917394
916581
915923
915258
915754
915439
914131
914042
913427
913689
914317
913725
913533
913949
914736
915436
915960
918501
923095
915546
913658
916559
917192
916972
917249
917327
917402
917521
916454
915994
916192
915979
914226
914074
913991
913697
914466
914151
914241
913802
913638
914281
914008
914305
915401
916562
917099
917289
916212
915519
916294
915945
915266
915143
914135
913757
913768
913055
912178
912009
912347
913082
912597
911562
911763
911880
912098
913693
913795
913448
914931
916008
916995
916492
915183
915266
916038
916240
915705
915269
914523
915189
915464
913541
912398
912070
912754
913381
912908
912657
911709
912351
913501
914453
914285
913899
915769
916444
916275
915454
915124
915770
915318
915287
914383
913856
913737
913524
913159
911191
910795
910556
911405
911888
911022
910358
910379
910883
911899
912510
912303
911966
914017
914566
914441
913695
913162
913858
913574
913092
912949
912366
911925
911863
911487
909725
909557
909471
910073
910602
909649
909518
909703
909915
910929
911011
911307
914354
920610
912138
909600
911637
912461
913027
913531
913267
912741
912150
912921
913117
911420
909895
909602
909886
910973
911117
909849
909636
910295
910873
911313
910650
910911
912643
913252
913284
912999
912564
912569
912890
912552
911790
911406
910836
911447
911205
909575
908550
907918
908150
908524
908554
908438
908181
908489
908496
909361
909437
909243
910350
910539
911103
910969
909992
910516
910826
910202
909525
909094
908539
908043
907853
906197
906024
906104
907063
907348
905874
905316
905374
906260
907054
906920
907476
907567
909148
909394
909633
909283
908747
909575
909646
909181
908380
907792
908175
907838
907370
906511
906402
906049
906930
907240
906300
906370
906475
906985
907875
908301
908527
908785
910115
910418
910158
909544
909055
909505
909835
909628
909344
907745
907787
907895
906738
905505
905754
905949
906182
906547
906574
906231
906802
907101
907746
907735
908073
909297
912815
917608
908030
904960
907741
909707
910160
909811
909490
909622
909854
909947
908413
907563
907769
908477
909051
908488
908154
908261
908960
909973
910906
910832
911158
912671
913482
914257
913673
912746
913713
913472
913500
913611
912716
911943
912470
912732
910229
909834
910170
911429
912133
911282
910590
910983
912048
912533
913299
913480
913470
915340
915674
915455
915154
914887
914704
915556
915737
914986
914168
914158
913638
913237
912196
911983
912165
912934
912889
912550
912298
912132
912664
913600
914003
914190
915017
916273
916826
916545
915427
915086
915948
916338
915822
915350
914785
914926
914788
913394
912137
912123
912626
913530
913616
912872
912461
913150
913820
914864
915039
914408
915368
916677
917568
917339
916309
916141
916548
916944
916358
915924
914822
914544
915139
914200
913073
912565
912970
913787
913714
913140
912862
913457
913487
913910
914170
914037
915851
916884
916734
917710
921720
913585
911150
914476
915266
914628
913766
914106
914362
912573
911987
911504
912249
912446
911754
911630
911503
911904
912582
913362
913403
913481
914948
915328
915565
915110
914520
914979
914761
914497
914117
913048
913037
912953
912468
910788
910157
910086
910510
911156
910287
910094
909997
910043
911242
911362
911631
912642
913714
913784
913275
912109
912119
912632
913015
913033
912728
911523
911191
910875
910339
909078
908426
908965
909884
909856
909118
909552
909311
909653
910383
910022
910521
911309
911936
912519
912307
911918
911439
911656
911363
910876
910794
910123
910515
910571
908572
907488
907615
908185
908722
908670
908301
908573
908608
909555
910983
910833
910583
912149
912789
913036
912421
911666
911730
912016
912722
912240
911933
911735
911841
911506
909640
909088
909298
910083
910377
909689
909779
909900
910426
911131
911448
911789
912448
914265
914267
915047
914499
915883
920572
911125
908402
911280
911949
911930
912191
911909
910005
909866
909702
909917
910325
909760
909571
909905
909953
910647
911242
911584
912049
913075
913605
913833
913081
912097
912431
912805
912507
912670
911657
911196
911026
910248
909474
909254
909360
909847
910320
909558
909104
909706
910179
911485
911692
911361
912255
913195
913902
913742
912693
912229
912569
913310
912921
912191
911560
911758
911654
910727
909837
909661
910321
910555
910762
910424
909845
910927
911246
912267
912032
912599
914481
914771
914574
914408
913955
913574
913490
913599
913784
914128
913735
913756
914033
912302
912118
911328
911563
912345
912371
912149
911907
912537
913474
914298
913918
914307
916169
917110
917097
916190
916005
916525
916696
916238
915870
915433
915141
915670
915797
913886
914025
913852
914826
915309
913776
913963
914395
914919
915805
916266
916247
917222
918897
919075
918958
918449
918305
921470
925352
916235
913866
915884
917264
917897
917227
916041
915565
915446
915789
916111
915431
914976
915339
915850
916993
916712
916716
917566
918416
918388
917756
917106
916919
917629
917881
917106
916271
915522
915249
915527
914492
913307
912775
913244
914179
914046
913483
913102
913817
913643
914057
914537
914462
915583
916296
916293
916037
915241
915982
915995
915651
915374
915482
915116
915211
914833
913285
913460
913042
913292
913937
913498
913224
912601
913600
914394
914964
915598
915567
916664
917089
917949
917327
916438
916685
916667
916724
915990
915216
915482
915186
914952
912776
912980
913579
913972
914251
913285
913314
913451
913597
914517
914839
914639
914910
916471
916458
916326
916112
915797
916197
916705
916400
915925
915008
915198
914999
914202
912419
912984
913098
913528
913576
912995
913315
913267
913431
914512
915079
915334
915807
917054
917867
917517
916224
915889
916164
918674
922967
913628
910253
913437
914608
913473
912010
912145
913092
913609
913292
912172
912109
912804
913081
913678
913924
913913
915079
915443
916381
915538
914399
914418
914244
913944
913321
913089
912108
912222
912244
910657
909844
909421
909807
910240
909235
908984
908716
909123
909454
909881
909626
909747
911309
911565
911550
911134
910584
910310
910172
910134
909362
908802
908327
908643
908598
906397
906033
905698
905976
906766
906037
905850
905944
906179
906573
906555
906922
907650
909108
909173
909336
909052
908764
908590
908448
908572
908153
907874
907585
907659
906900
905316
905962
905349
905853
906433
906052
905847
905786
906656
908033
908325
908781
909559
910459
911042
910749
910378
909906
910226
910416
909677
909721
909048
909587
909977
908703
907762
908226
908579
908994
909081
908459
907629
908308
909485
910644
910288
910742
912602
913536
914083
913876
913682
913931
914217
914708
916327
920575
910987
908631
911903
912426
912764
912184
912555
913768
913617
912971
913405
914567
914343
914866
914994
915276
917730
918094
918595
918295
917077
917672
918467
918249
917532
916869
916259
916105
916006
914538
914801
914545
915175
915735
914309
914200
914197
915168
915770
916002
915896
915847
916931
917542
917834
917312
916552
916933
916812
916808
916141
915486
915672
915167
914142
912899
913097
912547
913137
913819
913318
913369
913060
913285
913854
913455
913891
915174
916557
916270
915873
915675
915517
915616
915460
915086
914366
913490
914107
913754
912305
911153
910972
911521
912303
912075
911199
911222
911997
911906
913050
913215
913451
914384
914841
915028
914588
914271
914470
914957
914476
913826
913991
913463
913113
913180
912390
911872
910957
911235
912285
912378
911876
911520
912418
912988
913650
913093
912880
914996
915536
915616
915315
914827
915202
915389
915663
915445
916953
920945
911770
909168
910715
911620
911797
912466
912891
912650
912069
912108
913007
913833
914242
914540
914659
915876
915897
916357
916320
915902
916163
915718
915481
915272
914069
914520
914949
913732
912520
912862
912753
912903
913166
912311
912078
911830
912563
913435
912854
913171
914659
915397
915468
915252
914403
914266
914572
914637
914412
913945
912787
913287
913229
911791
910430
910475
910865
911019
911248
910500
909819
910184
910898
911580
911896
911608
912697
913523
913738
913610
913021
912856
913091
912836
912380
912184
911129
911256
911115
909306
908535
908459
909644
909906
908890
908808
908955
909018
909699
910665
910347
910342
911751
911960
912647
912323
911422
911710
911665
911390
911095
910881
910331
910482
910598
909024
908776
908239
908513
909399
909023
908273
908413
909398
910376
910105
910307
910826
912301
912352
912127
911993
911462
911382
911119
911628
911493
910859
912874
916470
906716
903705
906624
907970
908967
909567
909522
908651
908555
909426
910526
910173
910491
911280
912471
912611
912751
913123
913552
913185
913153
913323
912826
911533
912331
912265
911612
910289
910339
910599
910950
911377
911574
911176
911585
911848
913064
913083
913189
914267
915410
915934
915343
914822
915569
915976
915809
915410
915071
914367
914540
914416
913159
912683
912618
913526
914004
913674
913159
912982
913742
914336
915216
915209
915924
917383
917181
917851
917257
916914
917377
917495
918113
917384
916828
916270
916200
916037
914834
914515
913582
914059
914768
913822
913456
913109
914498
915634
916106
915948
915648
917401
918372
918419
917605
916709
917292
916882
916838
916363
915306
915135
915281
914684
913286
912770
912383
913241
913428
912392
912010
912704
913218
913521
913284
913290
913920
915033
915640
915391
914872
914459
914994
914691
913756
913871
913285
912884
915216
918128
908085
905832
908705
910201
910991
910704
910812
911117
911348
912054
912114
912120
912945
914124
914858
913825
912700
912851
913580
913640
912962
912727
911731
911905
911854
910926
910263
910430
910844
911248
910982
910525
910023
910669
911551
912601
913143
913291
914689
915228
915343
914640
914305
914926
915325
915575
915341
914919
914269
914887
915055
913091
913043
912877
913157
913881
913397
913545
913273
913339
914952
915503
915618
916115
917808
917693
917539
917102
917012
917410
916732
917089
917025
916286
916031
915967
915127
913555
913703
913496
914539
914676
913823
913650
913873
914033
914591
915278
915907
916235
917212
917399
917849
916927
916913
917335
917204
917045
916671
915375
915685
915843
914615
913172
912450
912789
913888
913978
913559
913315
913236
913139
914500
914225
914404
915623
916667
917155
916409
915352
915085
915269
915202
914672
914422
913636
913725
913417
913915
918078
908951
906401
909581
910010
910332
910271
910855
911630
912436
912012
911952
913841
914248
914612
914028
913029
913569
913334
912703
912246
912088
911259
911413
911468
910021
909821
908969
909525
909638
908762
908857
909123
909130
909545
910502
910235
909973
911728
911929
912017
911196
910434
911829
911825
911339
910792
909730
909682
909891
909792
908208
907917
907417
907455
907479
907112
906851
907184
908192
908939
908750
908653
909595
910541
910269
910270
910416
910205
910276
910335
909933
909487
908200
908507
908927
908199
906913
906396
906414
906490
906544
906421
905849
906230
906763
907776
908412
908260
909152
910011
909948
909636
909154
909342
909580
909149
909023
908587
907878
908250
908016
906488
905926
905997
906622
907218
906606
905996
905671
906603
907197
907942
908090
908449
909619
910049
910553
910063
909615
909980
909791
910316
909923
909441
908686
908706
908887
907395
906765
909433
914582
907069
904477
906561
907775
909197
910087
910903
910968
910642
912337
913087
913694
913105
912411
913038
913265
913542
913346
912435
912313
912393
912079
910418
910943
911507
912420
912693
911972
911655
911268
912208
913801
913820
914112
914967
916278
916274
916536
916379
915619
916171
916553
916309
916385
915580
916086
916282
914818
914614
914855
914398
915279
915294
914673
914651
915263
915761
916549
916326
916685
917740
918311
919194
919210
918675
918141
918196
918199
917599
917135
916296
916305
915986
915566
914770
913832
914403
915000
914726
914721
914162
914946
916035
916791
916596
916828
918373
918916
919285
918951
919009
919148
919033
919278
918889
918373
917998
918368
918569
916600
916397
916401
916915
917011
917057
916785
916388
917010
917705
918143
918402
917991
919688
920569
921184
920137
919672
920086
919981
920415
919494
918502
918468
918068
917806
916355
916109
916086
919101
923832
913398
910903
914038
915369
917034
917406
917484
918007
919454
919221
918881
918493
918269
918864
918621
918261
918254
916916
916755
917144
916488
915183
914718
914801
915207
915133
914852
914282
914575
914757
916064
916043
915869
916878
917283
918071
917422
916801
916711
917060
917295
916805
916365
915064
915014
914983
913566
912473
912272
912699
912961
912489
911982
911192
911902
912808
913523
913475
913345
914514
915368
916208
915195
914153
914538
914446
914345
913992
913261
912805
913030
913172
911629
911327
911263
911603
912280
911981
911118
910361
911421
912864
913503
913537
913677
915400
915646
916085
915152
914877
915894
916040
915758
915139
914585
914582
914768
914729
912810
912826
912796
913152
913466
912860
912856
912391
912555
913827
914347
914379
915023
916324
916363
916374
916129
915628
916091
916182
915657
915385
914420
914911
914933
914209
912894
912721
912908
913301
915997
919346
909809
907706
911517
913642
913908
913891
914617
915332
916144
916099
915351
915157
915648
915698
915514
915302
914214
914169
914405
912864
911358
911517
912558
913393
912439
911291
910989
912011
912804
913586
913136
913638
915169
915378
915704
915221
914556
914941
914615
914454
914830
914603
913347
913575
913340
911191
910970
910695
911219
911619
911036
910902
910286
910807
911850
912264
912183
912269
913618
914171
914404
913483
912929
914153
913816
914063
913494
912334
912336
912166
911146
909623
909521
909873
910530
910315
909615
909284
908977
909760
911280
911428
910722
910700
911799
912508
912880
912303
911995
912911
912749
912572
912433
910929
911204
911192
910494
909292
909349
909559
909851
910276
909341
908887
909525
909924
910922
910635
910848
912204
913187
913656
913680
912804
912722
913168
913506
913240
913228
912379
912803
912897
911549
910746
910690
911776
912469
912057
913516
918020
909320
907865
911770
912486
912945
915116
916069
915961
915315
915332
915634
915913
915584
915245
915072
914587
914598
914279
913566
912891
912518
913434
913788
912914
912720
912529
912855
913639
914610
915201
915463
917316
917658
917941
917580
916744
917250
918092
917998
916627
915969
916246
916827
916589
914489
914709
914570
915419
916160
915359
914565
914982
915804
917187
917123
917449
917895
919070
919193
918983
918156
917884
918514
919063
918612
918238
917300
917245
917080
916083
915027
914474
914473
914956
915015
914742
914525
914540
914737
915448
915375
915614
916729
917105
917781
917329
915989
915862
916125
915585
915419
915206
914261
914944
914730
913123
912167
911567
911413
911679
912123
911581
910933
911165
911845
912831
912972
912841
913836
914027
914483
914259
913583
913672
914083
914474
913721
912710
911953
912174
912115
910738
909524
909038
909526
910180
909871
909399
911462
916535
908029
905692
908787
910006
912154
912027
912216
911702
910912
911343
911931
911919
910676
909436
909150
909758
909249
907237
907098
907269
907886
908193
907511
907078
907204
907550
908789
908686
908857
909139
911379
912174
911213
910527
910127
910887
910986
910787
910793
909839
910058
910049
909417
907867
907137
907991
908978
908597
908067
907373
907210
908405
909572
909653
909619
910311
911010
911763
911660
910673
910530
911069
910863
910623
910534
909472
909811
910163
908554
907651
907310
907317
907703
906830
906298
906778
906742
907417
907889
907840
908168
909738
910915
911694
910936
910027
909850
909774
910364
909544
908747
908273
908277
908165
906550
905666
905420
906053
906128
905416
905652
905661
906063
906787
906957
907455
908268
910096
910110
910100
909896
909800
910489
910439
910518
910209
909394
909154
908980
908590
907413
907301
906710
907430
908046
906827
906720
907102
910202
915761
907063
904904
908326
911307
911702
911615
911549
911403
911921
911367
910676
910380
909806
909957
910247
909611
908206
908413
907957
908484
908932
907910
907623
908175
909040
909435
909500
910076
911305
912750
913285
913352
912611
912647
913322
913076
912658
912217
911690
912244
912368
911454
910368
910057
910106
910943
911319
911182
910953
911116
911693
912533
912590
912705
914208
915230
916063
916239
915380
915255
915253
915669
915280
914576
914299
914238
913529
912161
911561
911421
911719
912527
912172
912157
912031
912311
912989
913842
913847
913723
915007
915878
916280
915395
914610
914880
914831
914785
914199
913810
913916
914182
913714
911798
911647
911405
912061
912406
911840
911725
912098
912353
913379
913501
913526
914403
915741
915420
915512
914931
914597
915417
915547
915314
915007
914241
914390
914379
913486
912455
912387
912497
912697
912747
912396
911990
913023
913899
917699
921850
912752
911880
916568
917913
917643
917153
917240
917988
918251
917203
917436
917280
917768
916782
915405
914595
914486
915047
915841
915579
915066
914454
914651
915356
916613
916561
916854
917776
918502
919305
918692
917571
917677
918083
918082
917584
917000
916312
916536
915533
913779
913415
912943
913581
913647
913229
912827
912281
912964
913899
914190
914335
914655
915944
916006
916026
915857
915367
915022
915330
915353
914306
913739
913292
913521
912987
911088
910882
911091
911577
911562
911019
911128
910340
910552
911896
911857
912108
912609
913933
913657
913916
913380
913028
913781
913289
912407
911887
910926
911158
911429
911216
909802
909314
908950
909895
909899
908940
909054
909749
910049
911424
911496
911545
912221
914172
914553
913947
913439
912898
913261
913728
913498
912937
912304
913047
912482
911404
910028
910027
911089
911980
911697
911072
910964
911558
912525
914258
916706
921954
913917
912237
916029
917507
917203
917892
918319
918774
918698
918238
917108
917935
918468
917024
916360
916390
917137
917985
917464
917190
917388
918396
919317
920058
920015
920283
922005
922477
922724
922195
921717
922047
922246
922365
921968
921187
920727
920646
919770
918321
918414
918398
918748
919446
918806
918650
919156
919540
920117
920185
921025
921696
922735
923145
923199
922967
922955
923104
922876
922921
922800
921825
921943
921893
920920
919214
918814
919360
919860
919643
918948
919406
919564
920086
920731
920769
921386
922196
923185
923280
922857
922629
922257
922805
922893
922421
921848
920769
920896
920093
918866
917897
917540
917498
917906
917942
917261
918010
918659
918895
920010
920431
920782
921980
922546
922857
922615
922163
922424
922668
922950
922135
921904
921553
921882
922030
920090
919197
919520
920419
921166
920308
919485
919959
920738
921814
922609
922639
924749
930886
922217
920004
922715
923618
924519
924639
923977
922991
923099
923356
922765
921865
920087
920185
919659
919922
920012
919138
919283
918761
918496
919208
919550
920029
920153
921507
921397
921141
919793
919116
919257
918901
918252
917093
915987
916037
915825
914937
912782
912468
912069
912102
912060
910791
910266
910721
910852
911435
910563
911095
911715
912182
912369
912027
911095
910312
910227
909700
908691
908140
907181
907340
906248
904574
903806
903384
903062
903756
903689
902673
902574
902841
902557
902995
902624
902689
903249
903861
903709
903105
902558
902594
902328
901279
900422
900143
899818
899884
899132
897999
896950
896358
896900
897559
896766
896197
896168
896541
897462
898144
898206
898776
899849
899985
899794
899532
899186
899322
899337
899614
899340
898426
898009
898544
898231
896479
896712
896978
897188
898127
897918
898440
898840
900072
901878
902303
902510
903021
905506
908869
913739
904679
902481
906313
907367
907939
908647
907964
907915
908344
908311
907399
908050
908097
908549
909560
909086
908972
909960
910705
911818
911792
912462
913275
914459
914701
914916
914603
914243
914211
914450
914627
914969
913800
913649
913571
912255
911626
911480
911354
911765
911933
911455
911432
911859
912073
912865
912786
913089
913934
914168
914659
914475
913558
913183
912964
913125
912445
911630
911098
911090
910516
908612
908443
908346
908330
908956
908317
907653
907616
908627
909027
908995
908726
908828
909725
910165
910417
909857
909095
909350
909140
909069
908095
907033
906687
906610
905929
904047
903408
902656
903996
904287
903060
903072
903026
903407
904226
905002
904488
904440
905923
907093
907209
905700
905014
905225
904315
903839
904050
903555
903474
903280
902236
900763
900288
900248
901086
901301
900622
900558
900738
901549
902556
902224
902414
902917
903911
904237
906599
910446
900950
899075
901821
902422
902770
902367
902850
902449
901791
901888
902605
903661
904361
904698
905039
905168
906260
907476
909411
909580
909923
911769
912755
913226
912748
912553
913599
914243
914009
913666
913083
913104
914015
914442
913529
913191
913044
913489
914642
914782
914749
915660
916680
916722
917649
918458
919888
921657
921527
921987
921747
921716
921979
922375
922610
921960
921062
921626
921919
921858
920187
920211
920164
920929
921656
921059
921214
921462
921902
922662
922583
922797
923077
924810
925505
925319
924542
923111
923451
923511
923071
922433
921077
920950
920545
919812
919135
918432
917605
918124
918459
917834
917192
917747
918336
919064
919393
919378
919249
920516
920564
919702
918942
918620
919078
918302
917417
917177
915973
915813
915565
914466
913282
912688
912689
913367
913129
912309
911866
912060
911637
912922
912887
912512
913372
913996
913545
912924
914932
919024
909399
906562
908882
909530
908935
908413
908146
906875
906528
905993
906186
906579
905641
905166
905213
905576
905616
906266
906059
906547
907315
907668
908241
907605
906577
906561
905955
905273
904762
904194
903960
903538
903136
901492
901083
900709
901049
901643
901826
902076
901539
902017
902813
902518
902665
903193
904583
905146
905466
904529
903643
903775
903919
903838
903303
902340
902012
901779
901498
900424
899783
899918
900907
900988
900088
900067
900389
900826
901637
901643
901972
902983
904298
904334
904512
903304
903071
903685
903625
902829
902717
902268
902548
902315
901534
900794
900670
901228
901868
901889
901380
901700
902258
902882
904184
903913
904229
906511
907404
907467
906461
905941
906558
906748
907004
906119
905840
905629
906358
905962
904488
904313
904542
905344
906185
905855
905207
905447
905955
906573
908007
907742
908561
910370
910372
910404
910110
909571
912019
916430
907093
904259
907141
908481
908974
908740
907619
907534
907336
908604
909156
908685
908756
909427
910192
911325
911703
912441
912952
914847
915033
915209
914635
914233
914798
914529
913606
914240
914057
913800
913417
913109
912079
912150
912569
913552
914499
914029
914327
915065
915592
916702
917180
918042
919007
920573
920809
920697
920381
919728
920139
920881
920561
920524
919830
919956
920188
919366
918474
918265
918216
918790
919426
919053
919767
920315
920660
921699
921758
921900
922891
923435
924044
924009
923318
923248
922901
922793
922560
921918
921214
921569
921088
919439
919388
919517
919985
920188
919825
919219
919229
919863
920977
921848
921592
921851
923501
924522
924889
923880
922394
922632
922617
922730
922654
921958
921142
920539
920544
919273
919187
918743
919048
919373
918879
918751
919070
919596
919699
920110
920877
921397
921867
921673
922210
921087
920250
920168
922388
926097
916382
912753
915292
916455
916580
915501
915169
915043
915520
915245
914375
914042
914523
915118
915925
915556
915608
915706
916614
916393
916599
915497
914751
914749
914259
914134
913309
911747
912267
911989
910896
909592
909648
909917
909989
910376
909925
909484
909408
909784
910665
910793
911094
911665
912458
912788
911997
911179
911438
911474
910939
910005
909834
909084
909316
908951
907367
907308
906777
907188
907852
907100
906983
907347
907666
908543
909235
909268
909346
910356
910924
911060
910501
910440
911003
910308
909870
909323
908731
908542
909136
909609
908169
907949
907961
908665
909062
908690
908404
908678
909709
911141
912205
912260
912268
913904
914331
914291
914308
913705
913890
913336
913296
913843
913173
912957
912452
912182
911680
911493
911365
911581
912597
912152
912307
912816
913489
914328
913978
914228
914938
915887
916106
915964
915490
915513
915498
914945
916480
921234
911458
909299
911842
912163
911667
911948
912568
912405
912633
912320
912337
913212
913428
914376
914155
914520
915758
916841
917071
916168
915968
915907
915952
915501
914747
914759
913603
913867
914334
913620
913004
912911
913085
913637
913849
913775
913914
914757
915055
916009
916079
916543
917647
917756
918276
917909
916889
916764
917097
916810
916395
915701
914983
915155
915176
913507
913316
913223
913430
913543
913354
913559
913767
914706
915299
915110
915471
915301
916042
916716
916564
915439
914840
914990
914733
914098
913500
912752
912710
912337
912152
910288
910256
910533
911012
911408
910400
910519
911307
911460
912132
912131
912732
913080
913630
914345
914121
912775
912551
912566
912071
912005
911835
910656
910730
910797
910344
909098
908499
908773
909934
910092
909203
909271
909573
910385
911997
912033
912569
912983
913240
913394
913174
912072
911845
911969
911571
911284
912851
916497
907388
904750
906753
907399
907991
908375
908667
909317
909332
909439
909831
910016
910370
910376
911288
912456
912836
913044
912371
911876
911822
911922
911788
910775
910007
910498
910300
910044
908393
907975
907884
907929
908487
908754
909322
909027
909219
910453
910705
910630
911176
912564
912738
912794
911958
911522
911772
911550
912114
911825
910335
909749
910099
909643
908886
908922
908770
909480
910480
909887
909956
910541
910997
912072
912553
913171
913084
914439
914837
914608
914409
914438
914798
914555
914241
913703
912591
912798
912180
911069
910694
911477
912298
912745
912622
912152
912287
912664
913180
914161
913664
914135
915012
915459
915691
914890
914225
914247
914196
914219
913915
913739
913509
913760
913557
912516
911789
911859
912972
912894
912681
913571
913802
913920
914240
915172
915155
915103
916520
917110
917277
916681
915997
916160
915720
915395
914854
914097
915843
920374
910457
907618
910926
911481
912295
913065
913248
913551
913670
913805
914250
915154
915910
916305
917578
917454
916912
916359
915847
916006
915152
914325
914209
913740
913524
913280
912649
911490
911310
911601
912742
913575
913153
912934
914087
913870
913912
914291
914852
915591
916095
915881
916330
915729
914850
914963
914252
914301
913638
913099
913550
913391
912586
911609
911951
912497
913029
913146
912995
913441
914038
914844
915999
916325
916583
917098
918128
918153
917504
917211
917604
917203
916543
916402
915701
915085
915355
915230
914402
914040
914076
914324
914578
914385
915249
915092
915178
915322
915953
916280
916185
916760
916827
916927
916121
915191
914930
914690
914715
914645
914016
912779
912112
911699
910537
910030
909875
911014
910917
910796
911172
911168
911325
911725
911838
911482
911610
912406
911961
911713
911373
910561
909940
909168
908737
907820
907553
907619
908931
912629
902653
900114
903099
904633
905790
905243
904975
904635
905166
905986
905825
905815
906044
906727
906098
905787
905288
904472
904496
903890
903079
902153
901370
901335
901354
901223
899778
899426
899728
900165
900023
900179
900148
900849
900733
901285
901753
901375
900908
901865
902426
901886
901293
900610
900272
899743
899110
898770
898305
898182
898224
896814
895795
895601
896030
896589
896802
896743
897174
897223
897548
898308
898042
897477
898323
899006
898857
898109
897731
897693
897011
896761
896651
896047
894943
895035
895406
894501
894042
894245
894907
895398
895237
895346
895388
895766
896875
897374
897462
898070
899431
898622
898405
897941
897301
897140
897104
896505
895706
895265
895248
895214
894735
893746
893884
894198
895150
895569
895343
895079
895183
895796
896934
897528
897367
897680
898485
898452
898157
897456
897329
897565
896505
896579
896649
895109
895144
895835
895383
896851
901468
893130
891323
894350
895394
896159
896550
897195
898723
898514
898607
899246
899847
900067
899875
899206
898372
898415
898088
897704
897760
897172
896744
896066
895898
896198
896367
897063
897588
897397
897514
897995
898429
899191
899961
899931
899750
900738
900920
901126
900162
899017
899305
899576
899340
898513
898205
897270
897011
897061
896454
896882
897109
897888
898479
897916
898453
899016
899356
899674
900793
900614
900177
901076
901198
901307
900642
899752
899394
899192
898243
897581
897285
896932
896428
895990
895664
896227
896177
895905
896892
896813
897283
897444
897898
898368
898470
898256
898662
899666
899051
898226
898364
897873
896711
896396
896267
896039
894884
894445
894687
894400
893534
893473
894251
894609
894802
894959
895415
895303
895703
896612
896973
896955
897108
897645
897362
896725
896522
896797
896458
895665
894818
894673
894384
894409
894650
894197
894665
896872
901682
893692
890851
893766
895843
896721
897672
898272
898154
898449
898845
899122
899302
899236
899016
898400
897925
897366
897384
896978
896074
896161
896698
895783
895424
895546
896449
897227
897422
897945
898076
898606
899174
899840
899893
899317
900046
900021
900115
899751
898893
898857
898558
898447
897956
896829
896353
896562
896593
895387
895490
895891
896249
897013
897158
897521
897878
897987
899283
899056
899343
899967
901152
900608
900197
900030
899679
899028
897601
897864
898376
897523
897363
897157
896989
896690
896530
896870
897321
898238
898273
898813
899458
899253
900230
900433
900592
901133
901081
901338
901192
899607
899289
898618
898047
898479
898084
896844
897246
897402
896738
896905
897246
897650
898181
898423
899016
899361
899827
900406
901597
901209
900742
902105
902764
902288
901211
900475
899926
899204
899299
899357
898845
898069
897994
897855
897544
897928
897999
900710
905576
896496
895157
898162
899686
900311
901094
901756
901629
902186
902729
902507
901789
900629
900505
899769
899816
900002
899138
898951
898900
899282
898404
898604
898685
899178
900082
899871
900782
901665
902097
902832
902744
903089
903518
904473
904354
904074
903009
902654
902810
901793
901425
901327
900609
900620
900746
900703
900177
900432
901128
901172
901684
902427
903405
903368
903438
904193
904502
904812
904860
905479
905758
904876
904091
903416
903384
902431
901585
901688
901372
901205
900690
900153
900725
900935
901002
901377
901585
901793
901781
901940
902355
903778
903913
903455
904053
903886
903829
903663
902977
902545
901589
900907
900404
899713
899143
899000
898420
897503
897806
898227
898331
898538
898675
899113
899906
900138
900790
901457
901799
901505
901850
901629
900904
900148
899365
899204
898140
897866
898062
896861
895915
896062
896165
895227
895244
895981
896410
899093
902955
894723
892948
895893
897808
898391
898572
898589
899364
899260
898918
897915
897126
897009
896399
895348
895184
894357
894572
894423
894702
894336
893782
893586
894080
894509
894547
895046
896038
896477
897043
896939
897100
896960
896499
896703
896618
896546
896385
895159
894042
893623
892839
891793
891830
892165
891706
891769
891572
891665
892695
893064
893523
894529
894249
894300
894718
894721
894705
894525
894810
894525
893997
893704
893200
892386
891615
891394
890883
890299
890286
889879
889530
889768
889837
890305
890436
890823
891293
891616
891263
892015
892763
892967
893119
893822
893181
893190
892638
891774
891301
890165
889721
889303
889005
888744
888453
888841
888113
888595
889255
890219
890720
891031
892068
892762
893746
894879
895427
896767
897614
899479
900699
901163
901742
903262
905313
906521
907956
910253
912289
915633
918726
922340
926689
931777
937029
942935
949415
957997
969532
967524
972051
983123
991770
999259
1006448
1014180
1021180
1027416
1033483
1038937
1044223
1049059
1054091
1058562
1061678
1065069
1067971
1070080
1072127
1073936
1075049
1076134
1077017
1077918
1078299
1077796
1077065
1076804
1075930
1074023
1073164
1071720
1069846
1067598
1065578
1063863
1061787
1059097
1057584
1056315
1054577
1053900
1053194
1051323
1050417
1049365
1049266
1049059
1048194
1047225
1046742
1045550
1044572
1043753
1042541
1041198
1040644
1039231
1038103
1036481
1034915
1033814
1032985
1032115
1030478
1029236
1028661
1028079
1028110
1026642
1026617
1026406
1026878
1027331
1027474
1028254
1027557
1026725
1026736
1025971
1024880
1023397
1023109
1022185
1020322
1018274
1016024
1013960
1011594
1009420
1007233
1004180
1002028
1000035
998380
996056
993849
992199
990653
988870
987067
985861
984135
981826
980513
978283
975616
973499
971648
969233
966105
963638
961129
958220
955206
952469
950171
947633
945283
942619
940748
938796
937483
936163
934298
933099
931883
933406
936320
925672
922013
923512
923434
921929
920016
918719
916457
914046
911639
909045
907042
905261
903215
901080
900325
899075
896724
895612
894618
894411
893670
892787
891798
891282
890923
889470
888351
887227
886081
885640
883894
882103
880151
878300
876830
874597
873009
871782
870131
868564
867450
866502
864879
864872
864169
863696
863873
863243
862941
862440
861902
862475
862157
861631
860944
860203
858893
858256
857110
855571
854141
853663
853246
852048
850700
849779
849749
850009
849347
849999
850471
850576
850655
851235
852221
852260
852960
854038
854218
854219
854035
854671
854839
854392
853963
853416
852716
851928
851940
852522
851952
851963
852258
852651
853381
853613
854842
856367
857365
858083
858664
859463
860755
862056
861994
862311
862980
863245
863378
862719
862589
862709
861868
861706
861710
862173
862384
862717
863082
862598
863474
864471
865372
866722
867633
869089
869704
872620
878006
870694
868572
871433
873388
874079
874557
874154
873419
872961
872273
872018
872759
872777
872621
873379
874393
874725
875585
876479
877204
877655
878607
880435
881793
881907
883273
884321
884700
884539
885166
885139
885331
884864
884224
884090
883392
883025
882507
882546
882760
882953
883420
883396
884196
884649
885182
885903
886550
887889
888330
888503
889192
889653
889526
889203
889559
889484
888974
888003
887303
886472
885521
885782
885523
884775
884983
884838
885262
885483
885192
886029
886816
887251
887921
888559
889035
889489
890198
890126
889691
889574
889475
889400
889155
888562
888381
887267
886503
886607
886118
885185
885711
885975
885406
885993
886127
887185
887563
887803
889058
889517
889394
889822
890227
890344
890044
890092
889085
888565
887993
887323
886514
885940
885139
884545
883890
883246
882927
882267
881654
882170
882203
882291
882596
882945
883359
883551
883697
886231
890325
881541
878665
881386
881390
880730
879863
878831
878435
877337
875904
875131
873861
873384
873210
872411
872207
872488
872759
872821
872869
873245
873620
873277
873160
873991
873718
873014
872388
872261
871384
870067
869175
868461
867760
865984
865411
864830
863569
863272
863426
863153
862777
863092
862353
862594
863387
864153
864572
864654
864563
865250
864821
864108
864410
863929
863631
862457
861790
860785
859976
859030
859056
858749
857289
857689
858032
857248
857382
857950
858759
859313
859744
860527
861511
861794
862162
862976
863239
863162
863643
863059
862975
862508
861772
861711
860801
860674
860923
860241
859688
860062
861028
861233
861479
862434
863729
864929
866096
866960
867799
867952
868696
869652
870080
870731
871038
870972
870822
870776
870703
869702
869045
869477
869560
869309
869674
870496
870984
871347
872332
873565
874532
875266
876500
877757
878622
878967
880305
883560
888676
879875
877382
880258
881488
881660
881854
881061
880213
880051
880232
879831
880230
881058
880980
881606
882821
883497
884084
884739
886157
886919
887038
887909
888902
888694
888964
889293
889162
888764
888751
888825
888070
887323
887124
887611
886878
886328
886824
887253
886971
887594
888710
889808
890035
891381
892463
893169
894336
894684
894796
895126
895105
895535
895610
895499
895122
895104
894864
894113
893313
893397
893740
893409
893759
894233
893639
894752
895556
896631
896992
897285
898752
899948
901214
901744
902094
902340
902484
902851
902404
902548
902022
901595
901089
900641
900268
900365
899806
899285
899661
900342
900446
901484
902483
903589
904487
905324
906774
907036
907334
907593
907987
908537
908248
907897
907320
907231
906680
906146
905654
904470
904264
904150
903385
903052
903446
904027
903503
903402
903838
904404
904862
905352
906549
906923
906751
908021
907935
907490
910421
915379
906034
902836
905188
905775
905453
904989
904604
904368
903810
903627
903795
904073
904714
905220
905964
906198
906820
908147
909006
909073
909285
909921
909568
909027
909618
908819
907766
907247
906601
905824
904173
903089
902780
901989
901220
900985
901380
901703
902767
902815
902842
903019
903539
904305
904237
904421
904850
904692
904166
903806
903908
902815
902162
901158
899848
899021
897819
897600
897429
896196
896079
895708
895775
895597
895440
895771
896269
896640
896863
897623
897691
897481
897825
898310
897817
896591
896270
896098
895075
893626
892784
891903
890627
890141
889520
888666
888963
889268
888697
887745
888259
889043
889397
889511
889682
890323
890694
891029
891617
890829
889521
889797
889642
888909
887572
886796
886321
884840
883344
882996
882818
882690
882689
882512
882071
881791
882578
883283
883307
884044
884571
885019
885260
884813
885172
885147
885160
885568
884453
886260
889893
879777
876659
878743
879426
879505
879235
878548
878440
879209
878887
879578
879803
880387
880547
881932
883001
883132
882721
883324
884157
884412
883840
883377
882437
881751
880977
880550
879705
878819
878115
877494
876777
876536
876536
877299
877241
877396
877463
878209
878998
879582
880378
880714
880344
881027
880834
880684
880427
880372
879331
878843
878133
877724
876996
875892
874952
875014
874355
874412
874428
874603
874588
875170
875820
876077
876734
877770
878667
878463
878773
879680
879676
879214
879091
878628
878114
876731
875800
875651
875381
874755
874131
874176
873497
873692
873914
874001
873914
874270
874779
875403
876472
878017
878535
878519
878949
879633
879947
879472
879310
878639
878054
877521
876482
875516
874767
874981
874912
873989
873121
873934
874660
874345
874249
874418
875095
875929
877255
877864
877714
878117
878763
878631
878246
878214
878635
877932
879540
883248
873418
870116
872239
873374
874005
872975
871930
872057
872678
872911
873770
874667
874529
875368
875550
876522
877274
877214
877664
878005
877808
877315
877193
876551
875744
875200
874336
873555
872837
872404
872327
871603
870677
870816
870883
871511
872222
872770
873027
873889
874538
874843
874848
875309
876185
876040
876188
876265
875791
875409
874651
873129
872665
872424
871034
870454
870069
869107
869257
869877
869887
869907
870610
871237
871288
871859
872328
872710
872967
873435
873973
873984
873141
872957
872175
871282
870611
870197
869072
867697
867167
866731
865784
865322
865032
865140
865168
865239
865662
866140
866530
867147
867999
868662
868251
868488
868777
868730
868000
867700
867222
866150
865583
864843
864199
863137
862250
861441
860872
860430
860616
860899
860840
861893
862374
862305
861670
862755
864382
864593
863861
864324
864660
864225
863482
863685
863306
862095
863743
867395
857329
854171
856565
857639
857442
857094
857292
857105
856903
857129
857703
857770
858257
858776
859768
860382
860643
860573
860305
859938
859564
859754
858948
857962
857131
856112
854991
854433
853753
852997
852636
852660
852541
852542
852725
852887
853498
853949
854647
855145
855070
854765
855494
855825
855575
855058
855005
854468
854018
853390
852657
851382
850398
849499
849127
848964
848510
848123
848614
848366
848531
848911
849417
849996
851131
851852
852112
852158
852854
853403
853471
853595
853103
851930
851848
851344
850408
849932
849079
848438
848331
847983
847724
847915
848283
848047
848569
849066
849465
850586
851171
852168
851951
851984
853028
853166
852700
852064
852204
851477
850663
850293
849454
848693
847957
847595
846847
846111
846401
846042
846057
845991
846296
847451
847794
848122
848644
849238
849113
848914
849451
849258
848455
848246
848074
847432
846818
846221
847472
851119
841215
838375
841128
841877
841983
842451
842458
842885
843155
843513
844148
845199
846249
846951
846722
846867
847252
847943
848096
848065
847477
847053
846464
846389
845483
844695
844319
844156
843847
843815
844182
844463
844116
844893
845642
846534
847738
848280
848328
848695
849111
850325
850701
850416
849558
849548
849344
848602
848065
848246
847230
846157
846084
845076
844778
844773
845191
845343
845427
846407
846878
847379
848116
849047
850264
850564
850638
851392
851184
850765
851011
851001
850647
849849
849393
848607
848201
848055
847677
847111
846862
846494
846305
846504
846668
847076
847802
848108
848824
849862
850718
850603
850002
850520
850614
850473
850265
849605
848557
847916
847755
846587
845047
843783
843344
843192
842919
842677
843201
842908
842766
842657
842836
843115
843336
844099
844625
844108
843947
844246
843594
843033
842507
841815
841245
840631
839718
838851
839419
842380
833320
830569
832537
833357
833674
832987
833985
834724
835243
835225
835143
835690
836034
835832
835760
835926
835841
835090
835146
834283
833351
832524
832322
831347
829419
828896
829012
827947
827137
827372
827397
826991
827469
827896
828387
828905
828893
829649
829695
829128
829375
829828
829712
829178
828923
828283
826907
826067
825077
824397
823350
822928
823153
822919
821933
821580
821746
821451
821810
822175
822481
822586
822661
823595
823634
823279
823520
823821
823718
822684
821836
821072
820306
819736
818338
817060
816117
815738
815391
814450
813751
813625
813508
813367
813152
813363
813661
814193
814286
814382
813989
813666
814053
813903
812496
811949
811114
809815
808912
808343
807380
806433
805204
804390
803481
802647
802559
802062
801370
801795
801343
801370
801350
801525
802197
801987
800453
800412
800505
799215
798257
797448
796247
795192
794196
792913
791615
790134
791372
795870
786006
782104
784868
785782
785384
786002
786070
785813
785735
785421
786062
786295
786167
786345
785962
785147
784490
783685
782449
781347
780714
779011
777395
775665
773784
773253
772184
770736
769463
768188
766723
765821
764751
762980
762032
760415
758914
757061
755476
753863
751586
749165
747100
745069
741945
738517
735786
733380
730852
727664
725342
722960
719860
717362
715757
713449
711804
709757
708794
707203
705648
704540
703189
701187
699657
698453
696029
693187
690755
687762
685901
683001
680080
677959
674650
671752
669491
667121
664616
662506
660740
658176
656625
654890
652903
652056
650524
649242
647291
645659
644449
642333
639542
637320
635264
632888
630826
628050
625761
623823
621757
620526
619149
616502
615324
614484
613724
612465
611241
610468
609658
608553
607307
606192
604552
602203
600697
599166
597048
594806
592435
589694
587078
584200
581307
579055
576705
573991
573647
575733
564978
560348
560991
559928
558787
557097
555259
553555
551092
548846
546811
544249
542168
539164
535630
532774
529886
526657
522559
518809
515060
510503
506713
503718
500564
496621
493502
491163
487836
484938
482193
479243
476808
474265
471869
469547
466432
463156
460565
457369
453731
450655
446882
442803
438596
434972
430857
426300
422220
418935
415124
411266
407914
404756
401155
398649
396342
394208
391461
388729
386868
384455
381063
378461
376263
372783
369318
366952
363406
359436
356324
352410
349110
345349
341102
337776
334570
331361
329036
326163
322653
320153
318283
316012
313283
311888
310503
307810
305358
303790
301606
298928
296000
293697
290481
287421
284314
281019
278137
275186
272105
268956
265761
262945
260511
258206
256017
254471
252290
249371
247422
245613
244034
242466
240151
238375
235825
233536
231083
228308
224949
222220
219479
215803
212487
208914
206162
203151
201431
202884
191879
186227
186494
185760
183880
181145
179077
177139
174567
171970
170139
168057
165732
162866
159995
157190
153660
150489
147705
144328
140647
137649
134729
131716
128865
126640
124232
121403
119608
117856
115671
114297
112453
110460
108216
106608
104996
102488
99690
97013
97538
99304
88552
83470
83535
81998
79516
77275
75891
74206
72551
71280
69549
67230
65527
63538
61789
60029
58671
57632
56157
53994
52536
50481
48074
45917
44338
42276
40305
38094
36262
34501
31797
30062
28913
26921
25293
23683
22846
21486
20705
20802
20154
19493
18645
18453
17540
17439
17137
16453
15723
14307
13162
11856
11271
-9659
-7380
-5757
-3280
-1355
-111
1561
2819
3235
4361
5278
6152
6283
5907
6001
6057
5552
5642
5646
4890
4839
4828
4302
4629
4920
4972
4995
4929
5591
6241
5777
5835
6491
6201
5064
4616
4190
3489
2392
800
-918
-2120
-3202
-4356
-6114
-7988
-8666
-8582
-9297
-9269
-9020
-8253
-7609
-6732
-5516
-4156
-3119
-1911
-281
323
111
1456
1743
2000
1525
1259
1391
1108
922
1650
1509
1635
2093
3044
3031
3302
3938
3967
4272
4309
5040
5378
5883
6174
6649
6808
6595
6425
5436
4039
2999
2366
1256
243
-610
-1021
-2292
-3251
-3513
-3528
-3658
-3779
-3701
-3046
-2886
-2400
-1522
-1202
-777
-583
-658
-390
633
665
41
-266
-227
-443
-1029
-1822
-1477
-1508
-1661
-1653
-1139
-473
14
704
1979
2552
2948
3882
4590
4700
5024
5613
5381
5227
5233
5488
4854
3325
3060
2402
1441
519
194
-194
-796
-1353
-917
-1537
-1480
-720
-230
-118
93
716
1122
1309
1915
1925
1606
1136
1470
763
495
71
-363
-1257
-2038
-2368
-2537
-2678
-2951
-3376
-3043
-3073
-2269
-1741
-425
354
1306
2331
2921
3212
3698
4523
4462
3995
4493
4655
3917
3154
2074
1092
834
640
-246
-1025
-1008
-440
-487
-1093
-522
212
810
985
1346
2286
2799
3097
3525
3313
2831
3130
2937
2252
1612
1028
221
-1013
-2027
-1788
-1974
-2580
-3047
-2540
-2737
-2809
-2349
-1966
-1191
262
802
1207
1686
2960
4126
4233
3631
4066
3772
3354
2612
1816
1194
746
161
-569
-1476
-1724
-1170
-930
-1445
-894
-464
5
838
1982
2666
2716
2946
3575
4022
3757
3341
3749
3163
3209
2007
1493
1220
-51
-584
-973
-1832
-2042
-2291
-2021
-2162
-1900
-1423
-450
-138
242
1351
1954
2081
2718
3672
3661
2947
2911
2732
2619
2072
1859
639
-670
-180
-279
-1309
-1387
-1518
-1744
-1679
-1312
-1002
-80
831
1571
2787
3238
3239
3724
3633
3368
3676
3860
3249
3111
2154
1372
879
550
24
-742
-1274
-1189
-1256
-1730
-1946
-1915
-806
-104
320
1150
2051
2477
2461
3134
3130
3176
3252
2584
2526
2314
1887
1022
-420
-661
-628
-1074
-1777
-1821
-1254
-1470
-1168
-658
-417
-199
712
2163
2543
2245
3233
3870
4107
3633
3454
3192
3152
2827
1820
1361
620
-100
-418
-1423
-1820
-1558
-1307
-1771
-1699
-1277
-156
396
621
1798
3105
3124
3476
3660
3444
2986
2802
2761
2225
1923
1400
564
-349
-311
-873
-1892
-1895
-1827
-1620
-2217
-1627
-985
-7
857
1666
1851
2455
2625
3302
3791
3392
3176
3394
3652
2914
1795
1218
1041
131
-283
-422
-1107
-1923
-1947
-1942
-1930
-958
-7
190
894
1788
2785
3436
3270
3890
3624
2935
2999
2797
2778
2181
1996
1627
609
-236
-675
-1115
-1571
-1974
-1435
-1578
-844
-903
-387
399
789
1375
1952
2224
2716
3457
3869
3476
3747
3310
3065
2357
1728
1104
402
6
-380
-1289
-1923
-1593
-1210
-2032
-1399
-933
-220
291
688
1702
1927
2254
3476
3573
3871
3933
4112
3168
2415
2031
1755
1277
-249
-780
-997
-1582
-1342
-1052
-1259
-1751
-1052
-663
-402
116
1440
2742
3006
2998
3665
3635
3665
4043
4061
3639
2807
2332
1411
295
-68
344
-261
-1485
-2034
-1495
-1706
-1746
-1250
-758
65
714
1499
2733
2737
3320
4274
3728
3186
3587
3789
3101
1815
1972
1548
359
-574
-692
-998
-1510
-1381
-849
-1286
-1331
-1362
-1024
109
1286
2492
2718
2943
3272
3145
3686
3478
4122
3824
2793
1835
1734
1397
416
-633
-791
-1061
-1466
-1715
-1535
-2059
-1531
-535
-22
289
1137
2523
2628
3013
3704
3740
3708
2826
3374
3264
2540
2426
1943
1294
246
-184
-729
-1700
-2055
-2167
-1647
-1831
-1104
-644
5
848
1522
1885
2602
2963
3949
3846
3353
3123
3452
3480
2664
1531
798
148
-310
-415
-1277
-1864
-1331
-1197
-1835
-1928
-1536
-656
-390
712
1995
2913
3045
3567
3698
3244
3111
3323
2819
2899
2694
1638
1303
1047
193
-400
-557
-1187
-1453
-1608
-1975
-1758
-1360
-688
163
1025
1447
2295
2928
3670
4092
3753
3282
3504
3270
2954
2120
1367
692
-207
-999
-1063
-1233
-1558
-2078
-1578
-1406
-1533
-1335
-658
227
813
1507
2075
2922
3514
3949
3749
3168
3505
2994
2527
2180
2007
1055
-271
-612
-831
-1723
-2144
-1661
-1269
-1942
-1655
-946
-133
1116
2007
2709
2532
2723
3742
3258
3095
3208
3581
3552
2707
2291
1484
247
-222
-30
-389
-1347
-1440
-1652
-1785
-1565
-930
-312
332
1378
1981
2076
2462
2926
4304
4731
4153
4293
3579
3073
2250
1056
632
-40
-1109
-1403
-2125
-2517
-2349
-1738
-2317
-1639
-1355
-924
222
1257
1546
2039
2630
3107
3014
2925
3127
3206
2582
2000
1622
842
200
-894
-979
-802
-1785
-2430
-2116
-1802
-2211
-2051
-1232
-498
729
1302
1748
2205
2531
2766
3040
3171
3243
3240
2322
1565
1774
2047
1418
116
-224
-178
-835
-868
-925
-980
-1466
-870
-356
-113
261
1039
2202
2641
2376
3009
3295
3036
3235
2946
2425
2087
1773
1088
347
-666
-1166
-988
-1731
-2046
-1777
-1748
-1864
-1633
-1092
-458
102
1167
1681
1429
1990
2992
3364
3245
3799
3245
2877
2297
1751
973
8
-437
-527
-1202
-1824
-2069
-1993
-2266
-1570
-771
-366
-410
458
1459
2191
2448
3210
3986
3552
3331
3685
3400
3092
2359
1621
1145
137
-989
-1102
-1672
-1668
-1512
-1687
-2230
-2381
-1962
-725
-18
9
1056
1812
1958
2283
2814
2333
1941
2893
2441
1896
1857
1322
471
-1324
-1715
-1534
-2523
-2695
-2171
-1858
-2300
-2227
-1375
-522
-305
816
2092
2518
2482
2902
2829
3104
3301
2964
2747
2275
2218
1143
317
-946
-1207
-1157
-1922
-2047
-2110
-1534
-1541
-1339
-796
-57
719
1135
1657
1974
2571
3432
3446
2870
2704
3054
2799
2139
1807
1145
316
43
-168
-1351
-2308
-2015
-1988
-1668
-1354
-1897
-1142
729
838
1666
2786
3083
3706
3847
3406
2738
3313
3200
2748
1624
1447
963
19
-501
-639
-1045
-1887
-2163
-1277
-1275
-1003
-851
-57
1228
1170
2018
2564
2564
3093
3792
3768
3207
3807
3553
3187
2750
2057
1040
-452
-812
-801
-1184
-1335
-1835
-1688
-1727
-862
-414
239
912
1990
3174
3322
3101
4316
4409
3834
4056
3451
3138
2477
1783
1410
1326
644
-318
-662
-865
-1259
-978
-1578
-1605
-781
-347
501
1169
2257
3099
3011
3239
3976
3684
3125
3831
4024
3514
2631
1992
1711
1213
241
-370
-870
-1452
-1858
-1332
-1687
-1819
-1755
-487
351
1070
2378
2745
3170
3512
3676
3882
3864
3604
2844
2517
2636
1839
949
435
295
-174
-909
-1662
-1366
-999
-1613
-980
-595
-364
558
921
1725
2514
2782
3993
4453
3421
3038
3544
3124
2950
2471
1644
988
-164
-235
-74
-1382
-1767
-1416
-1524
-2251
-1809
-594
177
1146
1833
2339
2176
2761
3989
4454
4125
3883
3887
3126
2622
1955
1513
985
-145
-193
-459
-1404
-1587
-1616
-1542
-1409
-1199
-626
-366
584
1903
2446
2926
3725
4048
3511
3349
3619
3834
3509
2710
2127
818
198
138
-114
-735
-1843
-2028
-1820
-1990
-1471
-959
-172
668
1255
1716
2275
2646
3183
4280
4352
4013
3878
3713
3338
2661
1851
587
-74
124
-182
-1451
-1530
-927
-1110
-1344
-1015
-834
363
1039
1450
2311
2787
3319
3571
4030
4253
3790
3779
3459
3092
2398
1472
730
140
-388
-779
-1308
-1863
-1978
-1682
-1810
-1282
-485
-166
492
1732
2481
2554
2821
3838
4290
3889
3867
4277
2944
2345
1949
1828
818
-217
-447
-975
-1755
-1738
-1457
-1744
-2078
-1618
-542
178
672
1248
1889
1998
3024
4167
3764
3319
3424
3789
3485
2584
1825
1435
725
140
-301
-643
-1572
-1775
-1368
-2092
-1805
-1173
-240
140
599
2158
2712
2673
2964
3927
4034
4312
4272
3437
3055
2403
1797
1113
235
-198
-243
-1067
-2019
-1603
-1282
-1486
-788
-372
-111
465
1654
2329
2655
2765
3514
3951
3834
3493
3610
3176
2659
1758
1133
891
45
-238
-720
-1711
-1571
-1401
-937
-1568
-1524
-581
28
349
630
2077
3140
3318
3465
3958
3798
3539
3390
3032
2658
2128
1226
529
-80
-434
-980
-1929
-1715
-1637
-1975
-1878
-1236
-419
493
676
860
1660
2304
3211
4004
3870
3543
3941
3602
3214
2818
2240
1293
208
-810
-1001
-748
-1247
-756
-868
-1008
-954
-811
-32
520
1208
2096
2286
2704
3195
3773
3521
3559
3981
3237
2874
2313
1481
874
-14
-516
-1254
-1638
-1848
-1859
-1455
-1937
-1201
-720
-146
175
687
2104
2684
2745
3516
4213
4199
3384
3464
2994
2671
1745
1221
853
-300
-413
-803
-2013
-2229
-1800
-1637
-1203
-1337
-900
211
857
1338
2241
2979
2919
3097
3471
3544
3502
3739
2661
1866
1219
992
361
-203
-609
-965
-1522
-1576
-1845
-1774
-1557
-1457
-930
-104
937
1571
2115
2318
2476
3238
3013
2806
3343
3687
3148
2935
2266
1583
648
-22
-105
-463
-1333
-1231
-1092
-1448
-1008
-998
-276
338
1424
1530
2284
2951
3642
3900
3409
3226
3497
2834
2909
2409
1645
926
-184
-667
-939
-807
-1507
-2005
-2039
-2058
-1298
-569
-99
137
674
1724
2270
1996
2762
3545
3788
3381
3278
2802
2588
2719
1849
701
157
-342
-964
-1975
-1563
-1292
-1333
-1201
-1461
-1374
-410
407
1728
2345
2413
2897
3946
4058
3709
3703
3999
3344
2515
2236
1328
131
-683
-779
-678
-1711
-2134
-2067
-2014
-1542
-102
255
136
675
1266
2416
2260
2632
3788
3618
3571
3811
3241
2716
2354
1841
971
251
-322
-306
-867
-1936
-2225
-1840
-1706
-1393
-1241
-369
266
1183
2142
2318
2161
2552
3337
3593
3116
3419
3048
2553
1813
1478
1375
739
242
-276
-1000
-1755
-1661
-1572
-1488
-1191
-1362
-472
323
1186
2101
2231
2599
3436
3941
3755
3710
4177
3130
2743
1750
1348
448
-358
-257
-185
-1151
-1777
-1940
-1665
-1880
-1301
-795
-598
350
891
1633
2508
2908
3485
3483
3363
3470
3893
3267
2001
1698
1415
755
181
-464
-655
-1458
-1329
-1330
-1913
-1779
-1271
-793
-442
-161
924
1952
2163
2743
3518
3502
3189
3063
3223
3150
2528
1896
1256
437
-362
-723
-740
-1516
-1942
-1655
-1732
-1724
-1103
-353
-182
576
1849
2608
2229
2549
3119
3423
3006
3476
3045
2402
2112
1441
1217
215
-607
-768
-1070
-1592
-1431
-1236
-2237
-1174
-730
-99
301
1132
2113
2548
2308
2771
3651
3518
3148
3436
3241
2654
2334
1447
547
-334
-250
-106
-1587
-2124
-1740
-1682
-1448
-877
-705
-430
514
1814
2177
2244
2519
3704
3773
3749
3468
3722
3376
2891
2024
1120
-26
-285
-346
-740
-2221
-2079
-1575
-1039
-1087
-749
-406
460
813
1583
2647
2065
2445
3980
4062
3962
4001
3674
3228
2660
2219
1848
844
-382
-800
-706
-1472
-1617
-1741
-2252
-1651
-1299
-504
636
1076
1675
2876
2736
2975
3838
3554
3271
3804
3919
3395
2339
2030
1123
161
-376
-685
-1083
-1504
-1835
-1449
-1597
-781
-520
-150
-155
265
1892
2856
2966
3128
3699
3985
3780
3580
3365
2727
1576
1195
814
-134
-644
-523
-526
-765
-1436
-1237
-1042
-872
-670
109
695
1056
1857
2089
2308
3289
3533
3721
3240
3312
2971
2856
2522
1476
426
-241
-639
-878
-1306
-1442
-1329
-1738
