ets Jul 29 2019 12:21:46

rst:0x1 (POWERON_RESET),boot:0x13 (SPI_FAST_FLASH_BOOT)
configsip: 0, SPIWP:0xee
clk_drv:0x00,q_drv:0x00,d_drv:0x00,cs0_drv:0x00,hd_drv:0x00,wp_drv:0x00
mode:DIO, clock div:1
load:0x3fff0030,len:4980
load:0x40078000,len:16612
load:0x40080400,len:3480
entry 0x400805b4
902363
904375
907857
897336
894421
897408
897955
897453
896817
896987
896833
896946
896640
896817
897628
898333
899116
900255
900419
900996
902239
902606
902544
903056
902755
903257
902827
901881
901742
900965
900406
900097
898868
898223
898342
898360
898273
898891
898488
898888
899620
899658
901086
902308
902695
903751
904197
904177
904419
904875
904515
905056
905245
904580
903973
902501
902075
902042
901131
900911
900703
900595
900333
901061
900802
901211
902348
902456
903949
904808
904881
905496
906167
906519
906916
906836
906688
906751
906443
905945
905253
904298
903716
903339
902291
902493
902523
901642
901221
904059
909004
899419
897689
901436
904043
904682
904786
906079
906369
907093
907192
907103
907607
907681
906762
905967
904808
903997
904037
903732
903053
902616
901840
901840
902324
902024
902189
902572
903091
904327
905521
905776
905787
907109
907455
906987
907886
907121
907661
907519
906755
906585
905860
904931
905214
904439
903182
902705
902823
902352
902708
902767
903362
904066
903875
905126
906012
906172
906993
907844
907500
907917
908640
908173
908222
907682
906934
905951
904146
904237
904723
903869
902470
902328
902700
902670
902555
902011
902778
903297
902936
904382
904462
904808
905941
905980
906698
906657
907254
906762
906513
906222
905783
905199
904237
904126
903856
902291
901709
900672
900752
900608
900543
900158
900287
901451
902636
903373
903680
904163
905150
905583
905738
905631
906018
906497
905426
904993
904957
903930
902645
902573
902048
901491
901070
900975
900724
900389
900217
904180
909684
899145
897835
901767
902947
904006
905041
905499
905520
906409
906149
906573
906636
905299
904318
903119
902074
902691
902060
901166
900570
900588
900520
900585
900657
900402
900506
900879
902668
903832
903795
904450
905399
904976
904901
905568
905448
905601
904685
904410
904328
902497
901786
901683
900393
900038
899663
899355
899378
899351
899357
899661
900574
900938
902440
902508
902096
903518
904447
904817
905184
904985
904770
904622
904052
903562
902826
901174
901535
901532
900676
899717
899298
899107
899238
899128
899188
899963
900406
901101
902677
902304
902613
903960
904329
904345
904561
904592
904557
904628
903752
903235
902528
901252
901530
901251
899990
899824
899749
898808
898738
898950
899187
900084
900955
901704
902172
901706
902442
903781
903940
904605
905043
904481
904283
904127
903970
903659
902666
901875
901601
901031
899546
899099
899456
899651
900044
899532
899821
903139
907761
898800
896995
899841
902504
904377
904737
904913
905375
905289
905261
905177
904306
903441
902220
901535
901982
901328
899929
899507
899571
899419
899803
899875
900249
901075
901514
902465
903027
902963
903857
904696
905105
905129
905001
904911
905422
905143
904372
903532
902190
902278
902370
901198
900788
900025
899700
899780
900227
899778
900646
901304
901977
903303
903283
903945
905256
905701
905894
905841
906045
906354
906186
905599
905347
904710
903247
903071
903452
902018
901770
902068
901724
901857
901587
901674
902548
902764
903441
904401
904497
905418
906698
907110
906816
907153
906987
907051
906927
905579
905146
904850
903655
903573
903161
902312
901788
901641
901189
901201
900948
901530
902316
902595
903734
904308
904054
904927
905896
906477
906883
906765
906370
907547
906665
905723
905756
904660
903764
903314
902640
902230
901864
901041
900551
901107
901134
902035
902712
905663
911913
901603
899348
903709
905700
906695
906892
907346
906840
906768
906531
905887
905499
904721
904533
904133
903194
902413
902399
902553
902132
901674
901756
903274
903713
903934
905174
905215
905631
907283
907991
908114
908772
908863
908642
908767
908271
906829
906448
905320
905441
905592
904355
903631
903591
903186
903461
903572
903356
903907
904542
905135
906677
907181
907456
908124
908754
909088
909672
909593
909687
909410
908920
908247
907077
906117
906110
905112
904145
904267
904356
903929
903728
903771
904032
904748
905322
905640
906487
906984
907952
908849
909151
908836
909336
909010
909029
908707
907685
906765
905539
905591
905786
904568
903904
903222
902752
902250
902815
902732
903805
904132
903997
905477
906508
906196
906962
907674
908333
909054
909170
908443
908788
908052
907741
907616
905709
905082
905353
904357
903641
903580
903187
902686
903056
903315
904116
904508
904572
909295
916003
903175
900821
905964
908221
908873
908992
908783
908831
908133
907583
906334
905052
905187
904796
903493
902922
902708
902253
902210
902466
902655
903913
904487
904911
905622
906021
906152
907192
907868
907661
907511
907159
907554
907686
906790
906183
905365
904267
903808
903514
902628
901778
901288
900598
900861
900955
901418
902120
902099
903402
904460
904254
904534
905178
905405
905735
906491
905911
905270
904884
904046
903387
901938
900969
901402
900681
899328
898603
897994
898028
898471
897813
898462
899023
899210
900253
900803
900853
901462
901940
902113
901714
902573
902338
902124
901529
900655
900417
899158
898273
897931
896638
895543
895505
895322
895011
895246
895219
895727
896256
896903
897883
898083
898175
899711
900748
900996
900829
900822
900775
900802
899958
899982
899798
898015
897719
897303
895712
895566
895334
894475
894544
895127
894790
895167
895952
896807
898170
901500
908100
896835
893820
898522
900086
900268
900791
900977
900091
899761
898531
897252
897324
896811
895916
895554
895543
895362
895177
895636
896314
896950
897510
898070
898608
898508
898953
900605
901034
901175
901671
901591
901698
900174
899957
900535
899742
899114
899515
898475
896896
896342
896508
896335
896961
896834
897541
897867
897803
899052
899768
900650
901610
902365
903056
903386
903644
903442
903887
903748
903183
902819
901931
901118
900834
900077
899398
899830
899735
899359
899937
899747
900071
900707
901827
902801
903443
904221
905276
905898
905938
905879
906400
906050
906687
905611
904895
904792
903730
903285
903009
901995
901966
901816
901621
901438
901268
901884
903005
903469
903643
904906
905246
905238
906246
906925
907342
907702
907782
907861
907507
906643
906325
905570
904405
903733
903797
902866
901903
901673
901330
901439
901648
902452
903055
902914
903695
904528
904521
908932
915861
904474
901604
905710
906599
907013
907162
906380
905837
904954
903907
903633
903394
902486
902012
901997
901192
901535
901372
901868
902351
902451
903537
904047
904311
905035
906207
906368
906504
907088
906941
906980
906677
906185
905970
904825
904402
903563
902538
902086
901571
901316
900733
900845
900698
901056
901109
901512
903089
904142
904465
905344
905674
905895
906604
906745
906108
906274
906091
905262
905006
903032
902906
903089
901698
900762
900991
900904
901068
900797
901344
902474
902886
903377
904303
904503
904940
905724
906302
907090
907800
907354
906560
906521
906153
905521
905630
904646
903588
903027
902279
901793
901641
901384
901095
901147
901048
901286
902077
902692
903865
904367
904996
905604
905726
905659
905545
905578
905950
905600
905304
904964
903680
902820
902758
901082
900127
899761
899580
899442
899276
898702
899680
900498
901046
902057
902479
902303
903370
907483
912543
901309
899552
902706
903998
903823
903168
902934
901810
901219
900896
899915
899109
898890
898996
898903
899316
899160
899823
900195
900775
902048
902986
903460
904482
904551
904660
904964
905301
905824
905972
904783
904512
904667
902779
901815
901990
901188
900444
900322
899911
900354
900260
900227
900771
900979
901651
902959
903309
903295
904410
904842
905154
905602
906072
905706
905329
904891
904092
903062
901988
901795
901712
900465
899737
899088
898869
898971
898848
898862
900101
900380
901384
902247
902097
902746
903999
904038
903897
904424
904559
904973
904499
903662
903311
902122
901245
901121
900377
899406
899579
898811
898081
898904
898129
898608
899952
900765
901784
902304
902470
902775
903606
904374
904157
904495
904289
904897
904453
903902
903214
901766
901093
901234
900124
899332
899255
899421
898898
899140
899245
899265
899257
899791
901036
901898
902565
903418
904455
908226
912786
902054
899797
903531
904019
903759
903340
902253
901797
901618
900676
900735
900333
899865
899826
900397
899921
900261
901057
901765
902486
903000
903899
904708
905196
905859
906118
906068
906099
906573
905953
905237
904633
902959
903069
902646
901940
901276
901256
900957
901293
901229
901026
901841
902416
903408
904028
904795
905716
906464
906342
906425
906929
906700
906743
906898
905878
905437
905150
904773
904424
903755
903088
902376
902200
901728
901733
901859
902729
903523
903154
904137
905659
905836
906316
906650
906987
907758
908018
907822
907943
907447
906624
906328
905873
905623
905062
903379
902540
902359
902092
902650
903154
902531
902957
903843
903941
904795
904911
905549
906785
907484
907887
907937
908065
908087
908409
907407
906538
906106
905078
904782
904498
903225
902488
901880
901907
901887
901818
901496
902234
902708
902786
904227
904974
905145
906071
906263
906992
910354
914595
903372
901158
903439
904199
903828
902542
902243
901936
900777
900652
900561
900053
900076
899917
899682
900089
901065
901896
903049
902962
903181
904477
904569
904803
905474
905260
905124
904562
904086
903840
902684
901326
901335
900491
899892
899497
898885
898539
899090
898886
899058
899763
900474
900882
901736
902258
902864
903873
904181
904622
905232
904538
904717
904544
903734
903477
902024
901019
901221
900784
899794
899889
899498
898743
899831
899878
900439
900463
900513
902159
902614
902706
903899
904857
905303
905908
905715
905749
905611
905549
904580
904217
903401
903362
903307
901942
900875
900371
900738
900487
901278
901666
902118
902619
902994
904218
905018
905605
906586
907349
907576
907961
908081
907958
908160
907156
906899
906922
905274
905214
905030
903661
902931
902690
902496
902490
902789
903351
903670
904109
905276
906855
906760
907132
907912
907862
908733
909362
908719
911993
916981
904749
902622
904512
904991
905496
904441
903579
903432
903481
902770
902806
902911
902912
903839
903725
905075
906460
905849
906601
907644
907997
908033
908425
908254
908326
907989
907363
906750
905464
904247
904215
902853
901608
900974
900753
900703
901112
900336
900606
901192
901566
902442
903303
903400
904522
905198
905548
905230
905155
904723
904422
904297
903737
902833
901664
900955
900616
899694
898542
897923
897346
896999
897721
897351
897815
898935
899606
900424
901118
901265
901925
902674
902765
903094
903386
902664
902094
900877
900425
900322
898919
897952
897897
897270
896028
895734
895428
895065
895286
896008
896475
896435
897134
898269
898951
898868
899606
900894
901399
901417
901202
900937
901162
899824
899533
898928
897466
896744
896576
896005
895271
894446
894770
895334
895231
895734
896041
896790
898288
899597
899478
899619
900517
900993
901491
902181
902004
902319
905790
910171
897187
893572
897015
898889
898447
897709
898233
898192
897669
898077
898117
898995
899775
899952
901019
901934
902568
903863
905596
906333
906033
906054
906023
906324
906215
905804
905297
903972
903635
903654
902851
902689
902530
902067
902039
902377
902288
902887
903616
904602
906597
906889
906784
907750
908764
909777
909787
909521
909704
909658
908550
908055
907689
906665
907056
906077
904675
904339
904180
904370
903894
903632
903770
904142
904426
905835
907457
906995
907303
908745
909396
909673
910102
909767
909917
909372
908421
908064
907536
906314
905740
905590
904321
903691
903432
903174
903944
903580
904031
904888
905005
905767
906696
906906
908004
909105
909580
910016
910243
909164
909138
909124
908254
907802
907105
905978
905563
905254
904086
903353
903586
903191
903460
903669
904457
905275
905796
906623
907051
907131
907822
908696
909437
909895
910233
909774
910250
910014
912493
916232
902879
900947
904582
904861
904973
904342
904066
903854
904161
904493
905261
905608
905515
907118
907560
907615
909003
909632
910159
910043
910476
909969
909757
908835
908388
908268
906883
906388
906064
905314
904504
903997
904292
904175
904385
904000
904487
904661
905484
907628
907951
908000
908793
909585
909636
909641
910308
910313
910053
908935
908552
908081
906645
906309
905393
904635
904369
903894
903517
903577
903403
903416
904525
905464
905937
906727
906950
907508
908631
909078
909197
909670
909315
909168
908870
908063
907612
906880
906146
906176
905422
904544
903760
903351
902664
903577
903498
903615
904502
905036
906452
907514
907460
908021
908441
908819
909421
910302
909496
909240
909014
908448
907785
906947
905974
905685
904785
903928
903412
903401
903373
903431
903442
904374
905026
905535
906456
906860
907394
908204
909248
909747
909901
909739
909633
910097
909256
908899
911272
914195
903860
901474
903141
903673
904142
903670
903537
904027
904586
904606
904876
905657
907009
907500
907406
908728
909721
909921
909753
909908
910315
909922
909279
908584
907498
906160
906519
906435
905521
904694
904054
903239
903558
904079
904480
905601
906383
906543
907217
907835
908235
909692
910323
910383
911052
910930
910388
910144
909502
909163
908462
907357
907733
906985
905813
905112
905165
904782
905154
904971
905624
906260
906439
907506
908623
908546
909604
910949
911178
910704
911704
911451
911450
911001
910464
910056
908561
908144
907607
906843
906310
906257
906411
905739
905797
905627
906312
906345
906783
908453
909013
909399
910367
910575
910692
911105
911406
910909
911260
911024
910584
910142
908348
908026
907926
906894
905881
905388
904780
904597
905299
905417
905935
906212
906711
908295
908569
909028
909923
910299
910478
910937
911191
910955
911268
910463
909528
909061
911122
915076
904060
901062
903806
904840
904823
904776
904779
905075
905972
906618
907372
908319
908581
909561
910393
910551
910958
911326
910610
910840
911030
910268
909507
908594
907940
908312
907653
906636
906164
906376
905871
905815
906115
906753
907811
908234
909150
910236
909924
910637
911913
912581
912471
912643
912414
912881
912583
911810
911643
910280
909629
909860
908357
907258
907262
907496
907143
907610
906893
907632
908704
908972
909772
910373
910922
912098
912175
912870
913215
913313
912649
912738
912158
911262
910985
910125
909500
909107
907734
907161
906516
905752
906092
906331
906166
906150
906693
907482
908894
908651
908642
909826
910365
910630
910295
909788
909784
910253
909164
907965
907684
906168
905921
905676
904061
903287
902754
902195
902258
902902
902954
903542
903541
904391
905103
904844
905181
906605
907490
906963
907616
907391
907207
906804
905736
905377
904816
903765
906400
910267
899141
896398
899603
900601
901277
901275
901433
901647
902694
904017
904647
904519
905853
906784
907402
907428
907847
907390
907006
906775
906090
905395
904029
903574
903740
902417
901400
901164
900741
900078
900728
901226
901154
901676
902138
903485
903602
903250
904016
905068
905573
905922
906832
905698
905447
904632
903854
903384
902435
901990
901596
899958
899369
899414
898828
898054
898405
898238
899124
899889
899862
901027
901112
901279
903140
903723
903626
904105
904163
903199
902836
902763
902494
901831
900132
899603
899516
898332
897900
897409
897054
896955
896488
896416
897320
898009
898629
899952
900006
900689
902010
901654
901819
902592
902491
902397
901722
900675
900477
899816
898417
897977
897090
896030
895947
895962
895054
895317
895588
895825
896880
896958
897656
898934
899034
900227
900926
900971
901500
902551
902002
901035
900023
899548
899849
899330
898134
898284
900764
904540
893628
889941
892401
894696
895296
896345
897117
896788
898253
898850
898586
899833
900506
900103
900223
900952
900865
901070
900208
899172
899052
897262
896517
896104
895237
894212
893659
893378
892896
893130
892570
893121
893714
893496
894751
895460
895627
896814
897498
897246
897026
897277
896305
896019
895225
894350
893565
891933
891709
890923
889800
889160
888746
888645
888387
888217
887697
888405
889011
889541
890356
890281
890531
891585
891914
892012
892177
891341
891034
891007
890336
889826
888442
887251
887064
886633
885325
884954
884396
883454
883779
884106
884219
884824
884966
885361
886278
887130
887328
887874
888083
887966
888662
888494
888064
887549
887908
887578
886252
885145
885191
884672
883774
882892
882482
882287
883220
882768
883172
884483
884897
886018
886709
886457
887244
888769
889118
889689
890303
889922
890287
889545
889332
888949
887803
887611
887816
886716
889298
893171
882435
880611
884709
885876
887337
888342
888736
890520
891710
891408
892938
894087
894023
894070
894539
894667
895360
894688
894145
893713
892758
892717
892717
891906
891432
891175
891059
890884
892130
892341
893645
894062
894565
896314
896787
897077
898436
899108
899892
900773
901305
901322
901148
900593
899762
899113
898216
897899
897787
896882
896819
896807
896387
896599
897106
897694
899039
899258
900405
901816
902146
902584
903327
903853
904587
905673
905991
905529
905234
904646
904585
903900
902914
903035
902327
901228
900528
900855
901356
901578
902121
902726
903603
904005
905193
905989
906409
907212
908728
909180
909639
910469
909990
910276
910729
910266
909558
908022
907813
908255
907439
906915
906283
905966
906105
906936
906673
907274
908717
908679
910044
910650
911231
912510
913389
913501
913968
914554
914683
914736
914663
913663
912845
912189
912112
911699
910910
910395
912444
917069
906592
904569
907995
910133
911241
911407
912720
912681
913125
914189
914164
914126
914380
914700
914735
914389
913439
913154
912781
911688
911359
910385
909318
908985
909211
908880
908692
908233
908132
909119
909227
909813
911119
911220
911488
912155
912085
912416
912723
912291
912725
912184
911327
910668
909720
908467
908003
906906
905990
905116
904949
905027
905102
904723
905155
905675
906352
907168
907415
906915
907447
909023
909545
909077
908792
908597
908509
907283
906774
906332
905025
904081
903681
902659
902003
901583
901500
900603
900721
900741
901172
901638
902083
902905
902742
902814
903948
904062
904563
904630
904564
904343
904349
903910
903207
902476
900878
900184
899990
898907
898424
897810
897259
897291
897769
897505
897609
897783
897999
899220
899595
900155
901969
902019
901939
902458
902658
902100
901652
900988
900480
899749
899263
898737
898270
896932
896580
896164
898629
903950
893149
890920
894877
896658
897494
898661
898274
899389
900351
900435
900752
901265
901032
901172
900554
899885
899810
898655
897891
898015
897219
896050
895443
895253
895076
895466
895039
895272
896601
896536
897334
898554
898398
899263
899902
900345
900251
900877
900776
900493
900197
899668
898966
897950
897136
897410
896031
895479
895554
895478
895214
895134
894853
895852
896542
897088
898137
898712
898913
900373
900627
900965
901303
901952
901829
901453
901034
900400
900140
898943
898993
898696
897383
897200
897087
896607
896577
896896
897182
897822
898987
899349
900302
900477
900803
902317
903268
903695
903889
904221
903818
903603
903356
903123
902437
901006
901338
901086
900019
899506
899263
899086
899311
899505
900174
900506
900716
902039
903050
902649
903449
904638
905248
905515
905831
905803
906105
905675
904925
905001
903598
902657
902868
902445
901942
901597
901538
901418
901904
905004
909937
899503
898088
902828
904985
905609
906496
907601
907852
907703
908634
908354
908600
908061
907093
907231
906159
905532
905730
904975
904071
903759
903180
902849
903532
903500
903967
904350
904874
906019
906845
906780
907657
907817
908043
908678
909209
908728
908304
907921
907575
907409
905480
904778
905171
903842
902506
902314
902162
902355
902677
902282
902791
903113
903404
904652
905007
905111
906243
906024
905843
906338
906612
906945
906496
905335
904484
903398
902688
903107
902485
900778
900143
899919
899779
899740
900085
899999
900462
900633
901681
902720
902862
903029
903799
904176
904732
905120
904455
904891
904620
903776
903238
902425
901737
901862
901321
900172
899660
899112
898692
898673
898663
898843
900114
900738
901126
901963
902256
903039
903980
904208
903899
904553
904228
904504
904058
903163
902982
901814
900989
900887
900172
899793
899234
898944
898680
898644
898866
902800
908312
897914
896399
900281
902036
903510
904608
905119
905573
905645
905232
906071
905700
904331
903397
902370
902894
903064
901653
901223
900994
901323
901400
901232
901024
901476
902539
903450
904473
904961
905655
907108
907730
907587
908222
908204
908139
908479
907744
907588
906994
905552
905762
905227
904067
903681
903407
902789
903258
903828
904322
905252
905295
905644
907184
907471
907893
908960
909476
909260
909613
909701
910030
909496
908589
908076
907449
906304
906385
905942
905215
904926
904583
903721
903979
904231
904050
904849
905170
905583
906786
906611
907231
908699
908906
908715
909697
909209
909380
908825
907536
907166
905895
905091
905122
904440
903602
902722
902380
902005
902313
902559
902840
903385
903868
905162
905662
905604
906292
906703
907190
907534
907306
906658
906542
906489
905876
904592
903113
902993
903085
902084
901879
901124
900110
899821
900451
900795
901178
904337
908924
899703
898086
901382
903660
904363
905189
905073
905310
905344
904668
904049
903313
902256
901286
901040
900515
899222
899219
899099
897924
897633
897454
897501
898571
898767
899296
899776
899647
900407
901866
902067
901950
902301
902034
902318
901444
900841
900298
899023
898113
898164
897615
896799
896783
896040
895403
895889
896025
895902
896271
896557
897458
898681
898240
899218
900126
900452
901133
901603
901297
901235
901303
900177
899790
899214
898239
897705
897152
896368
896068
896121
895541
896153
896251
896485
897446
897847
898761
899140
899304
900509
901109
901117
901692
902725
902374
902423
901787
901466
900912
899473
899407
899567
898358
897707
898009
897874
897129
897764
898085
898201
899130
899478
900350
900711
900977
902466
902803
903089
903164
903629
903396
903683
903064
902505
902031
901003
900921
900965
899815
898603
898313
898787
898558
898632
898340
898901
900426
903810
909611
899872
898023
901813
904009
905334
905480
905076
905101
904685
904218
904548
903500
901783
902063
902564
901420
900844
900723
900422
901006
900500
901471
902825
902906
903589
904935
905292
905872
907213
908350
908755
909300
908921
909030
908460
908095
907584
906473
906069
906792
906095
904616
903976
903995
903604
904256
904499
905415
905965
906156
907302
908176
908764
909457
910534
911352
911723
912451
912098
912074
910961
910211
910156
909506
909097
908729
907687
907362
907183
906691
906455
906723
906466
907322
907914
907836
909002
909816
909902
911084
911890
912023
911991
912146
912283
912628
911548
910317
909881
908785
908096
907985
907117
906140
905209
904843
905472
906114
905921
906482
906674
906832
908289
908506
908790
909891
909975
910340
910807
910735
911186
910727
909589
908752
908527
907100
906865
906846
905087
904600
904365
903973
904003
903759
904210
904317
904408
905766
909152
913335
904326
903473
906972
907667
908398
908705
908869
908565
907271
907097
906064
904484
904293
903667
902547
901781
901914
901379
901514
901330
902051
902710
902969
903624
904243
904055
905290
906504
906416
906406
906612
905830
906574
906112
905243
904576
903851
903092
902797
901880
900627
900439
900380
899751
900036
900313
901078
901841
902073
903124
903957
904213
904618
904815
904966
905130
905022
905011
906055
904957
903956
903725
901514
901398
901446
900102
899204
899234
899367
898982
899167
899058
899761
900206
900965
902120
902186
902528
903553
904266
904339
904627
904666
904320
904186
903726
903564
902372
900985
900861
900627
899372
898856
898623
898481
898480
898917
899483
900250
900315
901205
902013
902193
902988
904296
904860
904613
905175
904998
904738
904677
903640
903550
902982
901767
901388
901521
900802
899639
899753
899821
900060
900318
900826
901277
901558
902562
903259
906708
911883
902495
900690
904110
906349
906128
906483
905953
905318
904673
903381
902542
902561
902173
901729
901239
901164
900675
901250
900527
901289
902267
902481
903851
904414
904500
905802
906241
906923
907073
907019
906451
906906
906039
905237
904942
903889
903829
903552
902652
901795
901207
901189
900992
901714
901788
902505
903041
903138
903861
905059
905512
905977
906599
907511
908140
908486
908102
908008
906631
906030
905976
904397
904147
903100
902199
902647
902220
901601
901402
901408
902083
902438
902282
903029
904042
904197
904493
905386
906013
906442
906492
906334
906417
905844
904900
904580
903267
902429
903005
902055
900465
899213
899000
898646
899518
899358
899576
900185
899986
901445
902120
901832
902928
903762
904210
904576
904350
903905
904445
903870
903102
903062
901624
900976
900894
900055
899308
898729
899009
898745
898700
898643
898999
899601
900465
901847
902060
902452
906089
911368
901809
899843
903412
904838
905416
904611
903885
903726
902209
902101
902492
901096
899974
899993
899836
900216
900757
900399
900920
901912
902440
903562
903598
904354
906206
906982
906936
907466
907780
907338
907203
906663
905333
904403
903607
903641
903591
902660
902289
901527
901200
901419
901424
901632
902450
902746
903303
905279
905636
906046
906851
906782
907083
907433
907517
907006
907175
906427
905778
904654
903308
903655
903137
901702
901046
901207
900702
900703
900228
900822
901681
902339
903551
904134
903824
904464
906303
906736
906788
907715
906969
906577
905795
905487
905492
904468
903920
903854
902466
901987
901786
901240
901060
901609
901070
901748
902532
902817
903840
904594
905027
905901
905822
905834
906010
906035
905952
906293
905138
904333
904171
902744
902376
902093
900780
900023
900027
899657
899129
899535
899932
900033
900386
900411
901433
902000
902178
903341
907020
911833
900755
898527
902012
902869
902517
902597
902096
900250
900090
900477
899502
899193
898883
898348
898527
898911
898626
899289
899999
900732
901769
902019
903026
904895
905587
905992
906830
906822
906857
907089
906741
907175
906712
905606
905967
905975
905592
905867
905559
905688
906579
907134
908108
909271
909751
911005
912604
912884
913863
915111
916532
917287
917844
918603
919236
918500
918766
918980
917761
917581
918215
917913
916953
916373
916761
916268
916607
916965
917815
918801
919295
920849
920966
920758
921506
922002
922354
922349
922809
922664
922057
921236
920400
919336
916862
915423
915183
913642
912129
911505
910734
910044
909963
909065
908958
908702
908540
909839
909443
908524
908785
908860
908452
907760
907310
906332
905707
904996
903464
902037
900126
899424
898818
897175
895898
895120
894304
893669
893036
892895
892431
891815
892500
893650
893364
892477
893363
893844
897004
901398
889525
887060
889968
890692
890390
889775
888827
888637
887723
886312
885836
885786
885873
886485
886619
887351
888838
890101
891497
892724
893362
894878
896117
896949
897039
897966
898826
899774
899687
899674
899619
899134
898802
899404
899488
898443
898504
899258
899392
900444
901137
902034
903132
903589
905509
907581
908525
909490
910919
911889
912374
912872
912709
912969
912137
911602
911173
909730
908884
908637
907496
906209
904962
904605
903758
903216
902936
903443
903307
902383
902878
903027
901779
901765
901846
901037
900080
899549
898100
896732
895277
893181
890832
888291
886855
885799
883506
881005
878958
877953
876752
875131
873807
873157
872394
871696
871470
870246
869371
869542
868926
867369
866501
864844
863634
862425
860643
859269
857204
854794
853374
852451
850531
849389
848545
846784
846525
846528
846126
845889
845393
845862
846790
846261
846211
847386
847464
847085
850174
854011
841783
838541
841032
841740
840263
838486
837823
836518
834954
833820
833061
831974
831318
830762
830491
830399
829931
830068
829868
829772
830509
830339
829943
829872
829794
828554
827953
826835
825902
825113
823468
822354
821819
820447
818875
817811
816361
815075
815576
815433
815057
814592
814424
814564
814091
813611
813846
813119
812111
811820
810701
809382
808629
806564
804401
802158
799284
797229
795869
793106
790739
788256
786192
784825
782097
779415
778242
777078
774856
773245
771009
769282
767612
765011
761965
759786
757054
753868
750371
746310
742448
738094
733062
729409
726038
721263
716754
712793
709314
705872
702356
698417
695426
692095
689098
686422
682441
678922
676285
672659
669251
665851
661513
657455
653078
648061
643640
638515
632715
628506
623720
618298
612676
607884
602978
598754
594053
590042
586801
582746
579884
576677
572783
569177
565532
561773
557065
553865
552790
553329
538902
531934
530560
527203
523384
519788
515604
511576
507609
504430
500971
498280
495517
492934
490235
487694
486327
484455
482366
481003
478896
476914
474948
473208
471191
469724
466963
464320
461911
458528
456241
454409
452017
449427
447028
445170
443390
441508
439102
437563
436316
434698
433699
431530
429718
428967
427347
425243
422444
419975
417379
414680
410872
407648
404283
399483
396161
392760
388535
384966
381399
378207
374748
371001
368340
365969
363105
360551
358074
354793
352536
351003
348544
345440
342769
339608
337276
334332
330695
327166
323616
320467
317346
313501
309911
307542
305548
303481
301565
299083
297741
296997
295393
295150
293502
291720
290221
289915
289216
288239
286554
283906
282682
281003
278336
276285
274029
271856
269714
267069
265325
263664
262022
260015
259227
257925
257667
257866
257274
257545
257850
258492
259942
261162
262282
263763
265865
267250
269175
274134
280923
273017
272625
278731
283890
287581
291356
295496
299697
303452
308056
313633
319790
326166
332588
339119
345229
352436
359419
366553
373537
380248
386660
393410
400982
407022
413161
420168
426942
434038
441057
446275
452627
459910
467015
474253
481570
488385
496192
503633
511210
519626
526109
532935
540833
547380
554776
561841
567412
572838
578426
583052
587892
591768
595893
600228
604479
607743
611485
615411
618716
623114
626743
629913
634226
638450
643159
647186
649822
653521
657193
660582
663494
666807
668531
670302
671555
672068
673097
672736
672280
672880
672450
671549
670943
670935
669635
669361
669020
668991
668365
667045
667041
666454
665333
664994
664782
663545
662669
662547
661674
661606
660843
659652
659958
659630
660191
661604
662634
664518
666364
668630
671643
675181
678098
682738
687207
691406
696808
701329
705240
709395
714263
718742
722916
726410
730058
733651
735809
741625
749202
740549
740857
746450
749593
752330
754622
757041
759622
762924
766677
770298
773112
777083
781505
784700
788730
793609
798103
802184
807030
811289
815235
819543
823505
827509
830927
834223
838727
842332
845058
848851
853258
857143
861103
864293
868462
872515
876200
880849
884776
887116
891022
895726
899428
902773
905901
908564
912546
916210
919533
923526
926791
930644
935674
940138
944376
949275
954543
959687
965114
970475
976719
982950
988389
994618
1000101
1004764
1009465
1014081
1018641
1022229
1025791
1029215
1033144
1036322
1039050
1042187
1045404
1049489
1053828
1057993
1063414
1069829
1076551
1084151
1092696
1101436
1110968
1120959
1131517
1143460
1154624
1165998
1178134
1189854
1201083
1212399
1222825
1233073
1243401
1252243
1260124
1267995
1274656
1282463
1289331
1294029
1299114
1304687
1309377
1313584
1317453
1321703
1326077
1330262
1335008
1339406
1342613
1346998
1351699
1356456
1360463
1365123
1369599
1374172
1378993
1382974
1387271
1394752
1403471
1398490
1401764
1409728
1416201
1422848
1428935
1435420
1441435
1447655
1454564
1461095
1467972
1474743
1481355
1487764
1494194
1499707
1505877
1512045
1516754
1522591
1527727
1532849
1538234
1542246
1547002
1553165
1558247
1562994
1568491
1574292
1579650
1586171
1592361
1598971
1604884
1611629
1619031
1625556
1631323
1637823
1644394
1649349
1654832
1660006
1663164
1666315
1670169
1673862
1676181
1677687
1680375
1683916
1685983
1687789
1690892
1693780
1696622
1699714
1702423
1706302
1710201
1714012
1718451
1722647
1727053
1731261
1734949
1738583
1742796
1746404
1750200
1754463
1758010
1760650
1763635
1766676
1769689
1773072
1775773
1778762
1781524
1784646
1787701
1790809
1793017
1795461
1798445
1801794
1805290
1807244
1808999
1811731
1813633
1815590
1818045
1819559
1820806
1822290
1823349
1824453
1826433
1827329
1829494
1831004
1832243
1834137
1836568
1838539
1842126
1845149
1848194
1851378
1855281
1858959
1862332
1865502
1869039
1873428
1877010
1879095
1881409
1883656
1885968
1887549
1888781
1890419
1891987
1897054
1903882
1894723
1894202
1899720
1903382
1906203
1909163
1911709
1915179
1918457
1920871
1924751
1927712
1930227
1933458
1936019
1938431
1940341
1942054
1943429
1944871
1945395
1945827
1946796
1946863
1947414
1948169
1947847
1947957
1948932
1949411
1949731
1949685
1949535
1950999
1952021
1952193
1952944
1953020
1952740
1953523
1953342
1952563
1952333
1951870
1950981
1950307
1949142
1948594
1947065
1944673
1943599
1942971
1941839
1940999
1940747
1940119
1940713
1941287
1941306
1942389
1944095
1945210
1947787
1949163
1950162
1952201
1953702
1955357
1957241
1958007
1958318
1958957
1959613
1960525
1960213
1960018
1960606
1960602
1960995
1961396
1961692
1961998
1962786
1962625
1962583
1963605
1964471
1965188
1966129
1966549
1966746
1967180
1967833
1967806
1968170
1967655
1967281
1966863
1966105
1966596
1965955
1964282
1964621
1964910
1963623
1963138
1963962
1964111
1964956
1965045
1966161
1967348
1968206
1970323
1971976
1972263
1974214
1975525
1976013
1976673
1977875
1977966
1978993
1979119
1978543
1978953
1978123
1978491
1983013
1988197
1976013
1974000
1978333
1980657
1982326
1983412
1984968
1986506
1988275
1990710
1992806
1993871
1996056
1997566
1999217
2001714
2004027
2005637
2007700
2009444
2011513
2013691
2015728
2018641
2021509
2023651
2027105
2029934
2033329
2037609
2041393
2045052
2048988
2053228
2058036
2063522
2067602
2071755
2076494
2080738
2084793
2088897
2092511
2096146
2099586
2102544
2105118
2107609
2110049
2112652
2115769
2118132
2120532
2123265
2125693
2128498
2130805
2133013
2135956
2138117
2140196
2142850
2143421
2143630
2145943
2146656
2146541
2146429
2145602
2145870
2145949
2145018
2144134
2142860
2141800
2142484
2142716
2141922
2141867
2142084
2142087
2142904
2143598
2144492
2145169
2145555
2146780
2148323
2148556
2149140
2150156
2150640
2150405
2150610
2150297
2149987
2149052
2148213
2147674
2146365
2145450
2145155
2143569
2142502
2142107
2141759
2141104
2141141
2140765
2141464
2142093
2141732
2143083
2144171
2144420
2145565
2146392
2146595
2146283
2145803
2145582
2146567
2145952
2145415
2145512
2144482
2144429
2145291
2144183
2144147
2149326
2149458
2138910
2141125
2143830
2145194
2145765
2145918
2146970
2146706
2145958
2146063
2144963
2142972
2141578
2139261
2137198
2134868
2131331
2127957
2124067
2120119
2117134
2113615
2108988
2105014
2101981
2098065
2094219
2090296
2086262
2082804
2078605
2075406
2071597
2066554
2062040
2057346
2051355
2045152
2038442
2030860
2023038
2015049
2006623
1997330
1986994
1975438
1965344
1954845
1943188
1931527
1920236
1908297
1896557
1884180
1871277
1857922
1844927
1831882
1817865
1802439
1787150
1771270
1754550
1737292
1719167
1699908
1680319
1659344
1637098
1614604
1590406
1566217
1541102
1513438
1485490
1456770
1426201
1394443
1361656
1326652
1290603
1252217
1211717
1169465
1125061
1077071
1027455
976134
922287
865894
807754
748140
688009
626783
565487
505347
447461
394672
346387
302112
264172
231182
202616
178027
155730
134677
115753
98691
82313
71418
63113
42602
32983
29741
24961
18754
12475
-5743
1611
9004
15596
21878
28488
33104
38198
43569
47416
50544
52524
52149
51096
49180
45492
41044
36660
31709
27308
23356
19025
15479
12846
9628
7555
6498
7755
9746
12852
17402
22667
25951
29240
31733
31046
28221
24504
19362
13893
7347
-118
-7844
16110
24254
29927
34629
38861
40862
41184
40630
39122
37560
35246
32333
29150
25496
21752
18867
15859
11934
-9581
-7925
-6091
-4931
-2201
263
2390
4513
5835
7347
8878
8400
7624
7846
8306
8769
9419
8844
8377
9109
9399
10263
11587
12978
16156
20056
23493
27498
31250
34203
36942
38146
38008
36528
32988
29873
25532
18920
12523
5076
-2375
-8604
14493
20214
23868
26072
27310
27816
28931
29277
27456
25940
23885
21109
18973
16055
12304
-8809
-6292
-4227
-3506
-2341
-2014
-2695
-3393
-5257
-7251
-7909
10212
11660
12506
12468
11138
-8257
-5315
-1883
2747
6666
10429
13802
16265
19066
21793
23338
24493
24297
24218
24867
24068
22546
20737
18343
15730
13091
9689
6495
4011
1293
-968
-3052
-5336
-6033
-6143
-6345
-6662
-5320
-5052
-5032
-6095
-7116
-8081
-8752
-8164
-6706
-7181
-7672
-8056
-8017
-7491
-6194
-5958
-5674
-5954
-5339
-5273
-6354
-7158
-6206
-4481
-2242
27
2192
4164
6715
8040
9383
10480
10559
11295
12386
12441
12395
12011
10878
10156
9507
9045
9240
9187
8668
8767
6957
5132
4771
3107
1451
234
-952
-1404
-1731
-2756
-3127
-3767
-5068
-4724
-4101
-4354
-3946
-2986
-2758
-2732
-2032
-1449
-776
-389
477
1679
1057
481
533
386
-783
-1238
-1904
-1900
-2065
-2074
-1829
-2214
-2089
-234
851
1566
2284
3216
4195
5647
6077
6429
7000
7893
9769
9927
8893
8725
8309
7916
6782
5665
4373
3669
2212
404
-595
-1900
-3115
-2993
-3347
-3703
-3776
-2707
-2362
-1482
-1109
234
1120
2407
3990
4245
4131
4857
4822
4397
3555
3166
2007
1155
-52
-1440
-2700
-4420
-4707
-4423
-4716
-4691
-4591
-3864
-2322
-1066
-131
1109
2426
3760
5657
6804
7025
8129
8938
8639
8145
7367
6748
5817
4596
3513
1524
81
-196
-1001
-2620
-3565
-3598
-3607
-3266
-2587
-1856
-929
433
1988
3599
4299
4687
6034
6399
6222
6779
5849
5383
4534
2966
1720
40
-1194
-1570
-2610
-4214
-5186
-5740
-6079
-5276
-4293
-2958
-2233
-1448
983
2746
3612
4887
5977
6719
6837
6988
6798
7286
6150
4579
4238
2209
873
559
-421
-2230
-2959
-3171
-3650
-3203
-3442
-2930
-2030
-541
1404
1938
2436
4116
5227
5615
6325
6806
6330
6072
5199
4319
3795
2283
1549
869
-914
-2257
-3231
-3451
-3897
-3745
-3497
-2916
-2144
-1414
39
1512
1906
3179
3818
4221
5042
6026
6287
6371
5658
4388
3649
2774
2436
1416
-356
-812
-1331
-2122
-2563
-2109
-2063
-1980
-1829
-848
412
1123
1782
3673
4433
4274
4749
4668
4793
5107
4737
3857
2774
2138
2114
1415
-248
-808
-606
-1461
-1729
-2269
-2495
-2041
-1317
-75
783
663
1927
2989
3168
4121
4654
4052
4407
4400
4051
3840
2480
1744
1429
685
-828
-1179
-1401
-1656
-1349
-1483
-1263
-881
-476
736
1316
1826
2574
2963
3799
3735
3715
3595
3752
3905
3887
2758
1261
1184
1362
642
-28
217
-622
-1288
-1119
-1074
-295
-285
326
1647
1831
1708
2476
3203
3462
3315
3875
3978
3533
2869
2232
1834
964
528
431
-575
-1224
-1306
-1912
-1702
-640
-457
-155
401
934
2568
2418
2471
3616
4120
4102
4116
3362
3440
3435
2459
2187
1681
1090
339
-189
-800
-1466
-1625
-1429
-949
-1274
-574
-91
742
1870
3244
2814
3026
3423
3867
3691
4002
3407
3005
2853
2466
2327
1248
372
469
-111
-1284
-1760
-1639
-1947
-1527
-1588
-998
-173
185
1426
2811
2547
3239
4009
4250
3970
4478
4215
4245
3593
2545
1736
623
-662
-911
-1731
-1775
-1687
-2006
-1534
-1445
-1429
-415
322
863
2393
2991
2560
4243
4695
5039
5203
4590
3872
3743
3193
2364
1637
179
75
183
-1122
-1294
-1653
-2259
-2163
-1632
-1240
-1071
-148
1200
2993
3193
2704
3335
4283
4593
5344
4841
3837
3947
4151
3066
1830
244
-348
-489
-1628
-1847
-1850
-2447
-2117
-2290
-1573
-1203
-513
1033
2200
2148
3033
4464
5428
5198
4965
4685
4884
4649
3647
3126
1860
387
-119
-386
-917
-1818
-1926
-2340
-1974
-2554
-1919
-627
71
1086
2252
2278
2916
4226
4240
4058
4647
4227
4480
3664
2970
1912
597
-374
-322
-960
-1930
-2249
-2770
-2478
-1988
-2366
-1816
-1034
-359
1524
1957
1984
3001
3963
4259
4706
4788
4153
3763
3372
2711
2041
597
40
248
-1195
-2311
-2477
-3032
-3246
-2748
-2433
-1592
-1006
-823
601
1048
1784
3129
3219
3150
3811
4141
3758
3681
2995
3109
2385
644
254
-986
-2178
-2518
-2844
-2974
-3010
-3308
-3080
-2651
-1830
-892
208
602
1029
2582
3081
3201
3351
2895
3014
2372
1456
1013
-237
-1707
-2664
-3490
-4901
-5612
-6210
-6622
-3726
1745
2988
18703
87423
207853
2287954
2320805
2300249
2229522
2117315
1977422
1810886
1625672
1453055
1326824
1267656
1255992
1258491
1271372
1312291
1380776
1462932
1562981
1698537
1867498
2045550
2212034
2362611
2491130
2581410
2631268
2649767
2654753
2662443
2667448
2663202
2644378
2614705
2581680
2544660
2500776
2458866
2432194
2425729
2434145
2447759
2455972
2452435
2441995
2427299
2411664
2404997
2413546
2434109
2455362
2467790
2469680
2463494
2448391
2426509
2405084
2389882
2382521
2376464
2361013
2333365
2296347
2253867
2210927
2171815
2144949
2135039
2137015
2142430
2149566
2160745
2177048
2200531
2230262
2268355
2315414
2363664
2404114
2430126
2439253
2436104
2423986
2402126
2375313
2347793
2318247
2286053
2247480
2204410
2162599
2126101
2097722
2078806
2068170
2065673
2070835
2077762
2083180
2088094
2092967
2100355
2107347
2112110
2115812
2119564
2117219
2087785
2063015
2041353
2016392
1990309
1964273
1940235
1918162
1897409
1878040
1859136
1842832
1831757
1824072
1819765
1818349
1820398
1822841
1825247
1825650
1825586
1825563
1826353
1827042
1824606
1818981
1811560
1801668
1789070
1773866
1757844
1742138
1726595
1710050
1694388
1679051
1663779
1650232
1638273
1625812
1616164
1609426
1603997
1599448
1595187
1591342
1587808
1583764
1579051
1575354
1569811
1563100
1556606
1548058
1537869
1526968
1514271
1500356
1487431
1474795
1463188
1452292
1441121
1432639
1425625
1418318
1411885
1407894
1405775
1405367
1405873
1407018
1408788
1410262
1412082
1413727
1413527
1413817
1413153
1410701
1406990
1402768
1396328
1389263
1381470
1372036
1361978
1352131
1342980
1334722
1326086
1317882
1311140
1306194
1301779
1298884
1296784
1295962
1296079
1296723
1298923
1300936
1303008
1305512
1306682
1308331
1310641
1312450
1313552
1315361
1316783
1317950
1318986
1320241
1322767
1326413
1329478
1333312
1337705
1342446
1347881
1354252
1359716
1365930
1372415
1379558
1386977
1392871
1402976
1416650
1408761
1411960
1423132
1432528
1440793
1449330
1457560
1466397
1475573
1485207
1496359
1507762
1519522
1531701
1544687
1558179
1572127
1586778
1602522
1619263
1637892
1657177
1678559
1700572
1723905
1748196
1772424
1796298
1820610
1844195
1866903
1888596
1908339
1926732
1942591
1956988
1970111
1980640
1989395
1997874
2005389
2010989
2016268
2020098
2022684
2024958
2025957
2026108
2024888
2021761
2018056
2013842
2007190
1999434
1991196
1980811
1970444
1959230
1947119
1934723
1921642
1908810
1895707
1882423
1868969
1855285
1841618
1827656
1814767
1800820
1786747
1772705
1758470
1745279
1731764
1716813
1703789
1690543
1677013
1663439
1651006
1637562
1625399
1613388
1601505
1590132
1577409
1565985
1555513
1544143
1533694
1523755
1514126
1504981
1496657
1488067
1480695
1473881
1467401
1462619
1457682
1452323
1448534
1445691
1442070
1439271
1436710
1434245
1432327
1429497
1427310
1425766
1423446
1422894
1422822
1422366
1422492
1423327
1424701
1427333
1430148
1433053
1437731
1443022
1447884
1454171
1459716
1464863
1475701
1488035
1480258
1483815
1494147
1501622
1508287
1514384
1520575
1526103
1531334
1537061
1542924
1548273
1554210
1560569
1566645
1573050
1579811
1586782
1594638
1602495
1610782
1619293
1627246
1635104
1643899
1651743
1659083
1667092
1674640
1682794
1689306
1695489
1701288
1706692
1712362
1718182
1722766
1726262
1730208
1734027
1736803
1740489
1742528
1744424
1746623
1747757
1749125
1750177
1749609
1748707
1747859
1746464
1744333
1741430
1737575
1734093
1730359
1726057
1721736
1716243
1710718
1705965
1700153
1694639
1689117
1684013
1678870
1674058
1668930
1664151
1659746
1654484
1650234
1646242
1641472
1637900
1633980
1629393
1625482
1620862
1616220
1611642
1607233
1602607
1598122
1592780
1588229
1584612
1579975
1576588
1573487
1570144
1567396
1565217
1563078
1561701
1559801
1558576
1558872
1557657
1556209
1556716
1556807
1555840
1554988
1554480
1553875
1553426
1552294
1551439
1550721
1548820
1548123
1547507
1546106
1545559
1546023
1545324
1544866
1544616
1544775
1545262
1545454
1545929
1546796
1546400
1547070
1547643
1550798
1556979
1543409
1538787
1541833
1542491
1542292
1541641
1539834
1538088
1537400
1535658
1533660
1532955
1531696
1530611
1530445
1528979
1527842
1527398
1526878
1526456
1526025
1525144
1524107
1523556
1522815
1521700
1520399
1518137
1516803
1515295
1512779
1510694
1507553
1504702
1503401
1500989
1498271
1495970
1494647
1492852
1491761
1490493
1489743
1488985
1488108
1488131
1487651
1487289
1487261
1487051
1485998
1484704
1483820
1482851
1481600
1478951
1476369
1474309
1471483
1469487
1467939
1465162
1462456
1460683
1458523
1456630
1454969
1452930
1451389
1449797
1448357
1448236
1446984
1444970
1444296
1443394
1442115
1441061
1439515
1437802
1436729
1435037
1433305
1431075
1428318
1426739
1425019
1422738
1421115
1419146
1417006
1415471
1413842
1412527
1410915
1408368
1407294
1406706
1404054
1402546
1400864
1398256
1395840
1393910
1390611
1386828
1383125
1379538
1376806
1372922
1369134
1366023
1362483
1358515
1354990
1351875
1348715
1346630
1344150
1341836
1340074
1338109
1336437
1334415
1331929
1329839
1328044
1325700
1326734
1330050
1314353
1308823
1308610
1306276
1303779
1299833
1295601
1291703
1287808
1283724
1279511
1275936
1272034
1268991
1264990
1261553
1258889
1255746
1253636
1250977
1247796
1245553
1243253
1240867
1238054
1235469
1231919
1229304
1226140
1223353
1220473
1216243
1212567
1209954
1206726
1203170
1199381
1196587
1193380
1190577
1187418
1185357
1182802
1179496
1177807
1174770
1171658
1169003
1166326
1162728
1159050
1155056
1151113
1147274
1142607
1138362
1133950
1129173
1125369
1121432
1116882
1113178
1110185
1106905
1103962
1101199
1098759
1097332
1094938
1093085
1092366
1090298
1088604
1087140
1085461
1083079
1081581
1078882
1076243
1073594
1069933
1066680
1062773
1058788
1055459
1051171
1047159
1042971
1039484
1034964
1031673
1027712
1023997
1020973
1017604
1015209
1013104
1009426
1006415
1003970
1000913
997893
995332
992865
990127
986971
984082
981518
977566
974286
971347
967976
964929
962210
958944
955601
953936
950833
947951
945026
941969
939148
936552
933776
930743
927808
924046
919932
919158
920694
905591
897193
896352
892908
888122
883419
879059
874332
869782
865425
861984
858529
855750
852634
849534
847115
845077
843481
841344
838990
837467
835655
833268
830445
827568
824629
821793
818609
815126
811252
806412
802643
798899
793729
789564
785225
780473
776425
771952
767334
763641
759797
755166
751298
746775
742333
738906
734798
729924
725146
719592
715014
709654
704173
698624
692840
686685
681495
676602
671299
666087
660964
655953
651298
646448
641750
637423
633341
629218
624693
619264
615149
611430
607307
602088
597073
591097
585978
580189
573729
568198
561797
555706
550673
544893
538616
533062
528001
522695
518745
514201
509906
506610
502938
500945
497866
494768
492450
490063
487962
485554
482959
480767
478403
475197
471956
468996
465354
463183
460516
456556
453038
449617
446949
444141
441874
439083
437299
435197
432297
431002
428923
426122
424616
422839
420600
418236
415876
416934
419965
403637
398900
399943
397839
395994
393435
390055
387730
385762
383290
381149
379503
377539
376951
375657
374076
374257
372681
370507
369531
368671
367238
365554
363270
361165
358833
355881
352584
349902
346161
343911
342105
339141
336544
334169
331717
329428
327022
325538
324573
323610
323163
322596
321473
320395
320100
319534
319143
317804
316536
316263
314810
313088
312171
310690
309229
308261
306666
305908
304829
303627
302626
302828
302227
302024
302261
302562
303697
303150
302693
303222
303587
303798
304130
304244
303388
302919
302180
300653
299532
297751
297194
296337
294167
292951
292073
290765
289764
289610
289215
289253
289299
288857
289265
289626
288920
289404
289403
289653
289812
289670
289307
289191
288056
287073
286849
285258
284824
284510
283474
282984
282264
282190
282501
281991
282049
283269
284559
285069
286303
287252
288184
289106
289770
290570
290844
291554
292159
295689
301004
290038
286427
289384
292460
293637
293124
294044
295355
295955
297451
299234
301694
304024
305635
307696
311095
313072
315218
318128
320316
322183
324528
326222
328257
330098
330658
331680
332736
333915
335780
336637
337392
338242
340073
341728
344113
345517
347970
351694
353913
357001
359811
362337
366190
370018
372839
376061
379571
381957
384374
386690
389305
391439
393043
395091
398019
400084
402163
405045
407626
410746
414217
416976
420544
424596
428157
432044
435728
439553
443516
447699
451574
455561
459467
462936
466582
468921
471995
475821
478663
482463
486472
489109
492412
495942
499980
504762
509279
512846
517995
523365
528105
533536
538374
543194
548934
553860
559017
563931
568745
573852
578316
581898
586448
590826
594870
600854
605643
610153
615352
621171
626819
632523
638655
645178
652654
659016
665554
672874
679583
686868
694001
701289
708733
715565
721245
727943
734657
744430
755724
750354
754115
764427
772253
779194
786636
793524
800192
807727
815242
823402
831164
838510
847132
854943
862178
870601
878425
886197
893607
901238
908245
915814
922391
928865
935372
940943
947416
953989
959292
965527
971909
978528
984307
990909
997207
1003941
1010712
1016923
1024522
1031107
1037029
1043803
1050300
1056509
1061938
1066772
1071891
1076831
1080740
1085074
1089468
1093280
1097876
1101809
1104529
1107934
1111701
1114698
1118310
1121924
1124856
1128836
1132340
1135653
1139618
1142425
1145263
1149177
1152164
1154750
1156971
1158445
1159836
1161687
1162585
1163534
1163788
1163380
1163724
1164092
1163507
1163182
1163088
1162478
1162797
1162659
1162410
1162196
1162060
1162013
1161903
1161223
1160757
1160690
1159698
1158259
1157203
1154866
1152698
1150284
1147412
1144732
1141712
1138107
1135452
1131637
1127878
1124543
1121442
1117730
1114693
1111581
1108220
1105198
1102263
1099351
1096617
1093176
1089780
1086438
1083239
1079590
1075636
1070841
1066962
1062078
1057306
1052944
1051800
1052389
1034144
1026806
1026069
1022717
1018809
1014040
1010070
1005783
1002312
999562
996163
992801
989173
986070
983568
980385
977178
973799
970174
966623
963390
959250
955228
952028
947496
943713
940283
935718
931552
927949
924560
921320
918801
915517
912615
910441
908592
906559
903552
900871
899534
897799
895423
893175
890885
888027
885675
882961
880131
876955
873440
870605
868103
864630
861832
859519
856862
854938
853515
851789
850470
848981
847481
846422
844962
843766
843119
841681
839569
838858
837217
835520
833833
831531
829343
826873
824155
822656
820079
817601
815683
813833
811680
810573
809032
808410
807543
806169
806013
805879
804429
803811
803256
802477
801577
801299
800052
798881
796896
795799
794796
792395
790952
790539
789326
787577
786413
785634
784598
784744
783661
783804
783689
783570
784241
784366
783635
784794
785035
785008
785161
784976
785020
784605
783838
783652
783025
781829
784548
790002
777022
774028
777498
778857
779660
780445
780904
782232
783473
783836
785758
786909
788300
790698
792523
794583
796330
797878
799876
801630
802837
804080
805708
807005
808878
810679
811742
812873
815130
817342
819982
821887
824253
827033
829556
832794
836602
838904
841247
844787
847919
850029
852642
855119
857860
860245
861922
863960
865688
867231
869605
871873
873248
875525
877599
878515
881119
883678
886388
889686
891667
895006
898368
900683
903370
906314
908844
911072
914466
916196
918260
920254
921807
923548
924657
925873
928094
928962
929968
931605
934056
935210
937678
939393
941608
943429
945895
948791
950708
952748
955533
957715
960198
962518
964649
965407
966709
967693
968744
969957
969344
970612
972153
972721
973200
973619
974108
975490
976260
976847
978665
980936
981966
983348
983948
985210
987640
988530
988757
989740
990068
990313
990811
990562
990085
989617
988777
988389
991577
995777
982307
979427
982858
983866
983811
983528
983837
984145
984058
984278
983968
983825
984337
984643
983904
983946
983304
982781
981896
980712
979892
978510
976689
975367
974299
972991
971839
970474
968693
968751
967439
966860
967685
966968
966647
966517
965463
965495
965743
965126
963823
963719
962215
961353
959603
957900
956385
954048
952289
951355
949241
947085
945335
943893
942177
941504
940076
939313
938706
937397
937156
936762
935532
935185
934544
933748
933127
932094
930342
928884
926771
924695
923485
921476
919350
917571
915328
913299
911450
910165
908267
907190
905717
904834
904183
903536
903389
902188
901558
901786
900952
900262
899301
897918
896327
894771
893020
891733
889972
887642
886688
885017
882282
881289
879579
878023
876836
876074
875437
874857
874249
873962
874107
873882
873600
873330
873117
873199
872487
871409
870952
870147
868408
867453
866434
864836
863668
862596
864221
869318
856240
852117
855795
856464
856808
857468
857654
858195
858798
858701
859376
860476
861203
861401
861812
861117
861436
861166
860632
860902
860178
859594
859146
859163
858955
858602
858566
858632
859012
859018
860153
861176
861833
863304
864088
864532
865624
867422
868556
869854
870866
870950
871376
871274
871444
871804
871114
871179
872163
871754
871215
871557
872122
872870
873788
873803
874908
876096
877379
879077
879975
881157
883239
884980
885597
886961
887996
888166
889031
889307
889595
889542
888812
889475
889952
889887
889650
889814
890244
890892
891174
891937
893677
894263
895423
897488
898075
899065
900363
901435
902546
904037
904053
904704
905485
905528
905340
904569
904219
904807
904609
903995
903698
904201
903992
904512
904851
905112
905968
906186
907585
908706
908561
909834
911268
912106
912262
913350
913196
913630
913405
912752
912636
911891
911348
911267
910705
909932
913650
919082
906636
904237
907177
909486
910177
910689
912322
913444
913645
914183
915154
915682
915670
916239
916266
916752
915984
914785
914650
913591
912843
912684
911677
911423
910996
909902
909336
909727
909657
910050
910106
910721
912121
912410
912401
913130
913400
913621
914388
914296
913782
914220
913673
912886
911887
910869
910574
910278
908720
907934
907442
907092
906836
906850
906797
907466
907593
907554
908740
908814
908868
909547
909776
909905
910345
910645
910540
910033
909059
908694
907312
906302
906014
905498
903909
903116
903207
902802
902479
902316
902150
903304
903637
903984
904451
904482
905060
905964
906148
906179
907066
907091
907205
906439
904958
904624
903897
903387
903347
902693
901638
900855
900707
900302
900429
900251
900551
901260
901479
902725
903116
903377
904449
905434
906114
906721
907098
906746
906612
905958
905246
905067
905051
905132
905302
903844
902885
902072
905134
910508
898474
895473
900023
901573
902251
903527
904392
904035
904423
905011
905652
906211
906394
906203
905878
905006
904404
903742
902061
901583
901482
899681
899207
899011
897908
897680
897799
897109
897833
898280
898505
899437
899734
899503
900674
901547
902002
902272
901673
901623
901491
900602
900343
899712
898691
898252
897693
896834
896341
896163
895673
895830
895512
895220
895831
895691
896466
897559
897612
898539
899362
899790
900100
900749
900905
901013
900734
900278
899574
898563
897890
897648
896992
897098
896691
896190
895552
895926
895282
896001
896878
896596
897442
898292
898356
899207
900362
900445
900896
901899
901528
902034
901501
900611
900387
899497
899084
899350
898131
897473
897757
897547
897631
898079
897747
897600
898487
899646
900566
900832
901535
902914
903339
903953
904624
905112
905275
905539
904961
905015
904898
903143
903305
903547
902091
901750
901625
901478
905532
911686
897592
895782
900338
903163
904994
905414
905855
907048
907893
908513
909215
909328
909323
909507
909316
908893
908345
907280
907148
906863
905849
905108
904732
904414
905158
905237
905045
906060
906371
907159
908016
908022
909013
910574
911014
911108
912488
912700
912868
912471
911822
911733
910197
909773
910930
910064
908700
907998
907927
907890
908376
908648
909018
909281
909507
910451
911534
911867
912421
913395
913826
914014
915006
914725
915020
914591
913951
913279
911979
911830
911831
910924
910317
909834
909516
909076
908618
908349
909075
909384
909727
910761
911110
910943
912388
913135
913535
913705
914260
913957
913679
912588
912291
912037
910932
910422
909836
908659
907770
907472
906987
906592
906735
906628
907157
907415
907574
908333
907981
908060
909148
909998
909888
909667
909723
909447
908922
908311
908145
906990
905757
905721
904668
903235
902433
902017
901483
901146
904074
910179
899458
896466
900444
902370
902127
902608
903950
904837
904825
904815
904265
904733
903818
902747
903051
902002
900654
900371
899573
898434
898409
898732
897914
897814
897209
897424
898085
898612
899911
900495
900180
900698
901585
902380
902344
903452
902714
902684
902552
902013
901443
900046
899674
899665
899312
898476
898329
897743
897143
897064
896721
897716
898214
898369
899851
900672
900379
901429
902653
902885
903336
903655
903181
903268
902780
902370
902032
901261
900460
900362
899917
899612
898748
897710
897688
898345
897774
897999
898725
899093
900291
900236
900482
902303
902738
903185
903511
903769
904241
903825
903032
902330
901938
900585
900790
900879
899803
899473
898907
898438
898613
898599
898167
899123
900397
900670
901760
902006
903013
904085
903817
903786
904521
904140
904278
904261
903541
903279
901924
900836
901049
900798
899647
898970
898547
897885
898087
897744
900742
906572
895780
894014
898327
899771
900627
901512
901559
901467
902359
901620
902212
902452
902039
901621
900463
900190
900542
899847
898587
897554
897552
897868
898484
897663
897378
898348
898957
899947
900076
900138
902151
903039
903049
903516
904409
904435
904792
904081
903807
903957
902402
901773
902032
901428
900955
900801
900333
900475
900516
900713
901774
902134
902335
903532
903744
904428
905826
906230
906836
907754
908251
908405
908424
907736
907749
907169
906120
905638
905470
904716
904341
904460
903858
903965
903946
904567
905589
905646
906000
906820
906750
907010
908757
909543
910277
911159
910672
911128
910611
909413
908664
907885
907263
906800
905607
904627
904390
904338
904023
904115
903893
903920
904417
904661
905785
906458
905894
906783
907798
908371
908499
909070
909051
909028
908719
908306
907998
906431
905880
906089
905491
904614
903945
903199
902420
902785
902372
903123
907666
912910
900303
898552
902641
904905
905999
906343
906483
907204
906925
906695
905542
904923
904096
902443
902077
902299
900592
899566
898730
898053
897155
897067
896417
896460
897038
897082
897557
897554
897521
898560
898956
899405
899496
898306
898221
898189
897101
896864
896141
894685
893951
893377
891774
890733
890564
889461
889261
889170
888878
889573
889479
889781
890792
891186
891127
891875
892003
892375
892945
892099
892170
892205
891379
890581
889568
888233
888145
888108
887385
886800
886233
885599
885739
885347
885731
886527
887054
887882
888556
888539
888942
890032
890840
891262
891873
891516
892313
891917
890926
890761
890060
889624
889337
888420
888074
887842
887296
886850
887277
887204
888056
888722
889042
890284
891199
891846
892868
893399
893681
894523
895296
895341
896196
895479
894640
895216
894058
894451
894690
893520
893080
893621
893891
893282
893902
894209
895075
895992
900437
906612
895538
894436
899412
901713
903096
903986
904334
904584
905241
904768
904188
904273
903499
903099
903536
903575
902707
902543
902261
902288
902845
903300
904468
905241
906111
906963
907642
908256
909253
910625
910666
911541
911865
911965
911384
910963
910896
910347
909608
909325
909017
907834
907157
906987
905761
906706
907455
907512
907802
907689
909105
909941
910057
911226
912052
912367
912443
913132
912883
913537
912724
911574
911699
910591
909852
909831
908800
908092
907549
907096
906753
907029
906305
906954
908210
908167
908652
908643
908837
910238
911292
911860
911949
912153
911885
912239
911434
910863
910609
909074
908448
908370
906907
906566
906184
905166
904659
905056
904320
904470
904728
905057
906478
906651
906701
907689
908448
908608
908682
908482
908215
908289
907131
906373
906351
905304
904208
903511
902573
902166
901274
900494
900252
899576
899787
900835
900761
900932
901876
905234
910567
900021
898530
901964
904182
904461
904833
904717
903637
903502
902558
901804
902095
901642
900278
899781
899295
899110
899440
898608
899376
900471
900532
901233
902830
902749
904042
905014
905974
905803
905693
905860
906671
905616
905351
905596
904820
904028
903620
903239
902394
901970
901642
901109
901458
900630
900854
901975
902156
903568
903986
904148
905305
905827
906329
906629
906966
906860
906983
906356
905270
905144
903852
903057
903051
902409
901705
901630
901603
900874
900907
900833
902096
902400
902195
903758
904089
904620
905822
906349
906526
907433
907989
907694
907491
906909
906343
905994
904735
904401
904497
903319
902573
901774
901554
902638
902722
902464
903746
904270
904341
905204
905609
905990
907113
907747
907668
908229
908690
908541
908441
907994
907251
906486
905681
905460
904211
903461
903321
903017
902346
902382
902244
902507
902947
902812
903292
904030
904333
908746
914872
902965
901043
905166
906258
907130
906526
906194
905850
904209
903310
903324
902792
901854
901448
901335
900706
901220
900383
900846
901938
901798
902687
903025
902835
904046
905252
905450
905602
906340
905677
905807
905351
904614
904701
903081
902628
903056
901581
900476
900406
900038
899345
899719
899399
899745
900947
900754
901775
902158
902195
903127
903655
904219
904569
905189
904860
904976
904287
903588
903764
902331
901787
900685
899751
899348
898871
898213
897858
897803
897949
898876
899721
899927
901349
901696
902621
903589
903684
903972
904440
904967
905124
904420
903101
902877
902546
901645
901697
901077
899043
898599
898868
898184
898238
897626
897877
899349
899761
900136
901207
901510
901973
903219
904341
904502
905071
905524
905611
905469
904946
905235
903699
903139
903008
902288
901825
901716
901335
900821
901427
900604
901282
902523
902679
903564
904450
904973
905892
910143
916036
904336
902893
906661
908105
907897
906982
906544
905790
905888
905377
904044
903709
902983
902777
902318
902656
902111
902775
903548
903574
904799
905094
905763
906781
906752
907119
908270
908519
908223
908147
906746
906172
905963
904163
903184
902934
902350
901846
900808
900432
900121
899832
899666
900169
900897
901461
902582
902546
902401
903817
904250
904524
905362
905018
904873
905076
904022
903253
903046
901321
900665
900367
899177
898573
897978
897258
897592
897569
897130
898086
898823
898977
899915
900186
900610
901758
901900
902394
903523
903119
903482
903050
902008
901293
900497
899680
899744
899059
898079
897382
897042
896301
896472
896627
897101
897332
897523
898737
899761
899640
900650
901856
902056
902289
903018
902675
902999
902313
901225
900900
900304
899397
898974
897771
896947
896652
896757
896181
896366
895961
896595
897127
897049
898848
900490
900565
901920
902266
905725
911525
900476
898491
902304
903181
902615
902072
900470
900186
900227
899101
898464
898293
897752
896923
897282
897941
898687
898864
899227
900395
900693
901307
902754
903116
903466
903947
903890
903929
903927
902863
902529
901709
900753
900401
899848
898847
898180
897463
896707
897310
897159
897512
898171
898152
899151
899969
900009
899972
901290
901770
901976
902400
902577
902881
902001
901265
900878
899855
898836
898829
897862
897491
897234
896407
895774
896199
895982
895871
896680
896976
897245
897875
898010
898855
900011
901230
901703
901762
901413
901329
900776
899901
899834
898843
897851
897743
896870
896607
896499
896269
895332
895734
895481
895820
896690
896904
898037
899069
899368
900995
902209
902416
903279
903452
902937
902799
902286
902187
901695
900353
900400
900211
899370
899057
898361
897936
897825
897639
897982
898808
899928
900304
900996
901971
903159
903963
904744
905552
910428
915430
902968
901083
904039
904721
905017
904508
904672
904127
902430
901946
901711
900851
901261
901734
901542
902654
903637
904307
904885
905442
906326
907861
908253
908464
909761
909954
909491
909569
909052
908433
907800
906710
906701
906001
904897
904569
904574
903601
904101
904369
904204
904928
905126
906231
906911
907152
908449
909371
909565
909881
910873
910639
910654
910101
909702
909870
908793
907507
907427
906450
905374
905152
904855
904013
904206
904024
905354
905979
905826
906790
906892
906987
909203
910234
910236
909923
910315
910438
910414
909650
909080
908709
906993
905858
905545
904683
904342
903714
903678
902886
903021
903156
903598
903790
904018
905709
905812
906484
907953
908144
908391
908748
909272
909013
908559
907468
907065
906752
905694
905378
904829
903194
902644
902387
901554
901676
901463
901183
901904
901864
902297
903734
904344
904541
905424
905847
906181
907040
910095
915121
903295
899837
903084
903474
903330
903515
902782
901540
900875
900708
899384
898833
899435
899873
900702
900788
901247
901752
901903
902897
904134
904905
905226
906120
905813
905439
904631
903381
903101
902223
901468
900763
899908
899551
899229
898683
897947
898240
898257
899030
899636
899651
900760
901378
901622
902491
902963
904254
904617
904664
904646
904782
904138
903703
903237
901783
901926
901495
900055
899715
899570
898407
898204
898586
898607
899163
898811
898755
900459
901207
900988
901780
902958
903508
904487
905415
905296
904987
904164
903979
903449
901791
901424
901718
901203
900249
899711
898823
898691
899018
899404
900622
900702
901002
902544
902556
902814
904357
904791
904878
905238
905103
905305
904689
903905
903381
902568
901636
901189
900579
899220
898681
898530
898012
898443
898441
899088
899803
900265
901278
901774
901474
902936
903941
904415
904808
905987
905713
909275
914079
901321
897935
901137
901948
902176
901419
900305
899276
899261
899007
899444
899380
899130
899575
900145
901674
902761
902426
903211
904286
905051
906001
906585
905963
906286
906398
906219
905561
904498
904411
904536
903378
902643
902564
902239
901557
901920
902285
902857
903487
904056
905254
905443
905769
907115
907911
909287
910195
910030
909874
910462
910545
909902
909416
908323
908000
907907
906677
906315
905409
905605
906068
906185
906285
906897
907646
908278
909221
909113
909952
911546
911787
911628
911907
912218
911998
911825
911367
911145
909760
908379
907986
907375
906043
904921
904349
903747
903566
902994
902981
903425
903605
903709
904200
904421
904364
905146
905233
905399
905421
904363
904044
903530
902300
902045
900434
899058
898373
897007
895136
894579
893760
892574
892671
891982
892547
892856
892507
893399
893395
892825
893377
894275
894535
894877
895034
894307
894613
897091
901352
889605
885250
887484
888984
887860
887419
886780
885516
885129
885722
885762
886747
887041
886828
887837
888544
888939
889905
890508
890919
891496
892141
892429
892107
891438
891045
890248
889212
889306
889133
888216
887919
887801
887573
887288
886906
887192
888406
889386
890188
891216
891720
892623
894039
895017
896033
897265
897712
898737
898340
897618
897977
897839
897339
897569
896966
896428
897064
897212
897113
897666
897944
898715
899856
900595
901797
903106
903749
904857
906375
907352
907860
908787
909071
909814
909661
909169
909191
908324
907748
907936
906819
906060
905939
905787
905803
906525
906511
906828
908050
907974
909045
910664
910634
910903
912137
912886
912973
913901
913904
913790
912603
912111
911852
910333
910697
910154
908563
908166
907756
907461
906769
907268
907312
908355
909029
909063
910701
911058
911585
912876
913632
913897
914423
915126
914482
914561
913792
916010
920138
907939
904868
907770
908360
907703
906888
906675
906517
906920
907036
908031
908529
909290
910605
910380
911116
912705
913244
913008
913877
913693
913655
913348
912754
912719
912268
910985
910800
910610
909475
908326
908003
907614
907709
907736
907868
909227
909240
909773
910984
910921
911494
913005
913383
913345
914179
914658
914991
914419
913297
912458
911166
910245
910407
910170
909128
907740
906735
906240
906204
905862
907099
907901
907298
908260
908561
908407
909210
910071
910270
910459
911255
910511
910629
909822
908316
907871
906616
905730
905159
904177
903271
902577
901782
900736
901281
900369
901353
901840
902248
903131
903184
903440
904322
904528
905024
905656
905813
905686
906218
905352
904337
904055
903170
902163
901691
901067
900662
900068
899338
899238
899308
899388
899900
899761
900560
901327
902019
902262
903414
903639
903920
904076
904305
904884
904806
903911
903686
906139
909774
897200
894667
897313
898089
897728
896766
897059
896595
896221
897163
897963
898549
899115
899153
898924
900122
900827
900678
901231
901328
901682
901097
899932
899911
898901
897240
896130
895344
894242
893454
892668
891359
890709
890175
890180
890173
889461
890380
890643
890297
890567
891077
891184
891267
891316
890016
889594
888145
886149
885257
883493
881972
880993
879272
877632
875483
873957
872311
871158
869684
869271
868190
866570
866429
865672
863968
863659
863102
862088
860856
859335
857439
856207
853682
851038
848550
845579
843862
842249
839120
836632
834319
832638
830412
828672
827413
826803
825999
824753
824693
824505
824088
824520
824232
824603
825677
825810
826000
826116
826261
826921
827530
827495
828098
829456
829577
830606
832786
833994
836537
839125
841485
844668
849001
852864
856714
859743
863828
869000
873625
878036
882993
886649
890846
894821
897324
900928
903930
907253
914776
923957
915435
916128
923486
928303
933128
937394
941475
945471
949598
954061
958038
961382
966068
970145
973170
976377
979953
982939
985639
987094
988360
989887
990253
991618
992692
992899
993213
993487
993709
994456
995663
995569
996872
997540
997740
999715
999757
999431
1000165
1000480
1001097
1001315
1000962
999880
999414
998129
996639
995167
992710
991454
990473
988170
986167
984342
982458
981256
980611
979146
978798
978548
977726
977483
976307
975456
975520
975068
974171
973836
972870
971314
969786
967699
966113
964218
961557
959630
958516
956467
954723
953577
952021
951011
949937
949165
949131
948714
948380
948521
948039
947617
947736
948055
947965
946979
946344
945745
944528
943311
942581
940338
938950
938484
937289
935590
934657
933981
933250
932857
932414
931499
931290
931567
932236
932261
932543
933661
933709
932878
933036
933411
932176
931842
931128
930002
929107
927815
926841
926506
929246
933955
919243
916549
919569
921795
922366
922117
922525
922989
924244
924380
924812
925912
925807
925923
926169
926367
925391
925092
924032
922819
921834
920631
920655
920419
918953
918280
918133
917128
916577
916650
916451
916920
917456
917447
918211
918054
917974
918814
918566
917939
917680
917066
916498
915758
914203
912717
910835
908706
907855
906546
904819
902834
901517
900777
900624
899400
898161
898269
897597
897904
897856
896877
896671
896903
897340
896986
896128
894069
892823
891449
889815
888501
886189
884370
883271
881515
879356
878353
877047
875432
875481
874229
873086
873284
872812
872935
872683
872661
872983
873476
873203
872450
872784
871671
870849
869798
868424
866725
865269
864066
863300
861380
859705
858439
857766
856913
856683
855943
854894
855077
855277
855687
855325
854774
855191
855382
855089
854060
853475
852290
851276
849824
848377
847448
844780
843503
842057
839224
842331
848368
831127
827367
831854
832935
833079
832867
832979
833343
832813
832155
832424
832063
831688
831693
830738
830046
829211
827559
826319
824503
822754
822065
821239
819306
818018
817725
816233
815102
815125
815289
815266
815180
815591
816705
816609
817114
817791
817966
817810
817525
816858
816544
816077
814895
813660
812219
810906
810267
809302
807841
806691
805992
805795
805741
804805
804497
805474
806335
807488
807931
807730
808665
809355
809773
809848
809868
810257
810244
809372
808698
807853
806602
806094
806315
805073
804542
804356
804518
804530
805601
806369
807072
807811
808588
810606
811074
811285
812839
814239
815024
815246
815744
815512
816373
815795
814730
814108
813037
812854
812258
811433
810930
811237
811734
811699
811770
812144
813048
814140
815373
816681
817065
817257
818765
820123
820702
821609
821781
821521
821285
821201
820571
819570
818549
818282
817940
816957
816499
821122
829778
812710
809406
815277
818273
819811
821486
823191
823950
825073
826287
827384
828629
828997
829042
829448
829134
828742
828723
827844
826907
827614
827438
826648
826603
826617
826157
826644
827231
828615
830152
830923
832168
833507
834074
835544
837232
837837
838220
839223
838946
839665
839568
838816
838575
837901
837176
837402
837206
836420
836162
836403
835997
836622
836686
837948
839382
840085
841745
842698
842732
843823
844618
845260
845950
846499
846276
846068
845401
844375
843623
842369
841845
841426
839938
838944
838282
837962
837434
837828
837652
837940
838452
839349
840614
840249
840441
841453
841615
841773
841876
842062
841167
840279
839633
838647
837824
836659
836226
835886
834153
833412
832935
832525
832564
832622
833155
833550
834133
835585
837044
837237
837500
838924
839990
840210
840133
840125
840733
840497
839490
839210
838153
836540
836192
836698
835444
834521
834201
837335
843401
831788
828903
833063
835705
837512
837871
837484
838141
840026
841333
841623
842535
842724
843635
843840
843809
843594
843296
843357
844184
844321
844129
843758
844536
845493
846317
846568
847582
849072
850120
851832
853219
853879
855250
856194
857086
857656
858910
859525
860116
859812
859584
859608
858936
858704
859531
859806
859251
859690
860263
860977
861735
861871
863020
864138
864463
865911
867398
867479
867958
869554
870109
870158
870208
869803
869781
869288
868916
868048
867251
867831
867747
866731
866202
866921
867244
867333
867915
868579
868965
869493
870827
871743
872025
872472
873306
874054
874476
875064
875329
875007
874850
874746
874385
872831
871699
872089
871770
870033
869360
869482
869549
870854
870742
871175
872715
873330
874355
875298
875209
876508
877814
878005
877934
878810
878168
878396
877639
876695
876260
874586
873889
874382
873642
871973
871554
871564
870973
875218
880109
868631
867291
871161
874467
875531
875473
875884
876910
876803
876506
876582
876065
876032
874441
872900
872050
870456
869706
869959
868211
866166
866108
865948
864778
864811
864669
865090
864928
865933
866581
865883
865442
866867
867186
866525
865894
865250
864146
863479
862629
861303
859546
857132
856679
856128
854232
853059
852076
851408
850983
850474
850604
850727
850449
851305
851946
851344
851351
851671
851354
850230
849756
848810
847632
846339
844628
843608
841563
838653
837469
835785
833098
830997
830206
828907
828415
827666
827098
827166
826649
826806
826416
825553
825060
825676
825169
823821
822018
820060
818205
816280
814069
811839
808431
805766
804641
802137
799177
797370
796235
794315
793201
791882
790449
789573
788527
788185
786567
784684
783204
781660
780229
777746
775363
772960
770733
767914
764974
762123
758405
755944
753498
750485
747436
744796
742550
740033
737921
739303
743534
727692
721774
725227
724301
722269
720267
718330
716020
713201
709803
706650
704008
700497
696597
692556
687815
684953
681816
677689
673456
669878
666220
662978
660077
656412
653465
651138
648257
646246
643254
640036
637253
634427
631257
627773
623216
618897
614244
609937
605577
599862
594357
589828
585306
580406
576059
572040
568519
565224
562217
559699
557256
554692
552441
550494
547620
544515
541346
537935
533699
529293
524161
518594
512261
506533
499641
492635
486338
480230
473385
466499
460717
455658
449883
444834
439818
434928
429637
425084
421131
416330
411264
406710
402067
397335
391728
386593
380768
375619
370173
364067
358384
351944
346091
340839
334302
328598
323151
317929
312562
307938
302203
296970
292204
286856
282508
277436
271988
267401
262664
257466
252092
247124
241731
236486
231467
226321
221075
215449
210650
206226
201391
196866
193766
191097
188603
186103
182504
182990
187051
170592
163326
163608
161868
159186
155875
151590
147922
143706
138804
134157
129549
124767
120516
115317
111253
107898
103778
99643
96240
97291
100485
84711
80143
86245
92570
80058
75955
77404
77287
76657
75172
72858
70881
68218
65392
62582
58890
55502
51995
48341
46057
43662
40628
38268
35799
33686
32366
30379
29217
28846
27888
28305
28377
27604
27079
27315
26874
25827
25179
23167
21966
20500
18391
16675
14062
12162
10708
-8160
-6391
-5858
-5024
-3937
-4191
-3710
-3499
-4323
-4279
-5072
-5331
-5561
-6670
-7617
-7639
-7660
-7561
-6526
-5546
-4876
-4222
-2886
-1322
-77
902
1996
2278
2401
2501
2198
1888
1939
1841
880
128
-1062
-1228
-1617
-3196
-3330
-3257
-3524
-3530
-3352
-2957
-1987
-400
930
1940
2524
3163
4007
4571
3905
4312
4027
3558
3615
2856
1737
564
-987
-1436
-2447
-3444
-4149
-4377
-4747
-4285
-4568
-4478
-4082
-3666
-2144
-771
-865
440
1267
1945
2016
1823
1370
1910
2124
1268
762
-417
-1175
-966
-1806
-3024
-3617
-3602
-4006
-4095
-4172
-3287
-2212
-1764
-242
444
413
1947
2937
3424
3339
3548
3018
3346
2738
2023
1596
403
-313
-493
-1739
-2813
-2964
-3285
-4119
-3622
-3397
-2756
-1811
-1488
-91
956
1177
1571
2125
3057
3568
3522
3001
2456
1870
1183
47
-1443
-1679
-1579
-3171
-4555
-4294
-4453
-4142
-3764
-3913
-3393
-2652
-1571
-53
322
457
1136
2338
2797
3272
2726
2214
2380
1499
1123
823
-1062
-1956
-1998
-2596
-3530
-3075
-3509
-3389
-3269
-3248
-2795
-1651
-631
499
811
992
2092
3000
3066
3270
3398
3763
3186
2035
1425
-163
-941
-648
-1617
-3319
-3968
-3759
-3854
-2976
-3091
-2703
-2290
-1937
-653
244
629
1310
2363
3086
3130
3057
2408
2619
2043
1010
574
-531
-1742
-1969
-3087
-4200
-3963
-4346
-4328
-3873
-3278
-2731
-2592
-1640
389
1028
829
1577
2640
2683
3218
3556
2743
2759
2345
1285
336
-925
-1013
-1086
-2402
-3239
-3625
-4025
-3987
-3515
-3066
-1909
-1045
93
1180
1390
2302
3584
3890
3581
3848
3301
2524
2219
2129
1481
327
-822
-1003
-1673
-3289
-4030
-3908
-3885
-3661
-3241
-3016
-2587
-1971
-1244
20
746
1306
1966
2338
2221
2638
2888
2722
2150
1777
593
-691
-1196
-1079
-2199
-3353
-4252
-4569
-5095
-4839
-3886
-2721
-2244
-1643
-765
371
1254
1572
2654
3369
3415
4114
3285
2697
2358
1681
1023
-526
-1869
-2222
-2958
-4092
-4348
-4165
-3933
-3374
-3629
-3102
-2239
-1070
642
818
993
1952
2366
2218
2920
3108
2432
2537
1732
1199
433
-1211
-1964
-2726
-3232
-4013
-4887
-5519
-4964
-4691
-4409
-3081
-2615
-1734
245
635
788
1751
2768
3528
3784
3074
2143
2372
1299
485
-379
-1380
-710
-1715
-3845
-4478
-4080
-4785
-4242
-4240
-3221
-2203
-2171
-861
785
1101
1573
2494
3405
3652
3967
3629
2781
2104
1472
1176
-587
-1635
-1750
-2166
-2694
-4073
-4664
-5018
-4390
-4170
-3318
-2227
-1784
-639
483
830
1161
2165
2959
3263
3786
3585
3261
2119
1025
556
-1091
-1956
-2089
-3012
-3678
-4255
-4413
-4347
-4072
-4102
-3292
-2601
-1855
-62
226
267
1678
2205
2925
3143
2810
2177
2374
1791
694
154
-1073
-1112
-1368
-3388
-4374
-4454
-4424
-4573
-4127
-3812
-2700
-1934
-1726
-296
694
787
1137
2399
2595
3100
3178
2158
1973
1529
867
86
-1464
-1755
-2438
-3881
-4345
-4359
-4378
-3958
-3440
-3399
-3193
-2454
-1532
-347
240
1124
2262
2939
2665
2857
2597
2311
2179
1475
681
-168
-1509
-1924
-2334
-3403
-3972
-3417
-3647
-3214
-3450
-3272
-2827
-2194
-926
411
694
1539
2246
3027
3103
2668
2302
2447
2050
1325
357
-898
-1531
-1530
-2801
-4015
-4020
-4685
-4469
-3900
-3933
-3163
-2066
-1392
-395
95
212
1143
2199
2514
2219
2327
2104
2511
1746
1328
417
-1163
-1602
-1739
-3793
-4725
-4659
-4314
-4478
-3766
-3388
-2434
-2198
-2345
-692
-39
174
1746
2602
2924
3725
3049
2384
2101
1319
559
-693
-1422
-1622
-2330
-3535
-4576
-4833
-5031
-4801
-4675
-3949
-2879
-1911
-1122
-217
197
832
2034
2791
2612
3161
2910
2966
2231
1269
777
-498
-1759
-2063
-2988
-3996
-4929
-4989
-5411
-4699
-4412
-3890
-3092
-2388
-911
-152
-113
929
2184
2790
2718
2706
2133
2040
1457
983
113
-1662
-2513
-1735
-2480
-3750
-4881
-4813
-5247
-4369
-3801
-3296
-2816
-2212
-723
364
509
1294
2509
3303
2809
2701
1800
2181
2074
1134
502
-1330
-1709
-1645
-2553
-3843
-4259
-4545
-4877
-3885
-3684
-2951
-2550
-1512
270
376
138
1783
2740
2497
2672
2714
2315
2320
1606
1095
-1
-1493
-1789
-2071
-3941
-4641
-4532
-4805
-4833
-3841
-3682
-3350
-2493
-1010
182
-61
724
2425
3065
2830
3235
2979
3068
2523
1454
801
-272
-1492
-1995
-2489
-3181
-3583
-3669
-4247
-4022
-3906
-3420
-2781
-1766
-597
272
-306
130
1799
1977
1737
2139
1239
1193
961
404
75
-1279
-2319
-2211
-3032
-3847
-4371
-4009
-4096
-3737
-4124
-3350
-2471
-2402
-1208
-715
-872
287
1633
2442
2588
2527
2304
2266
1291
581
111
-915
-1472
-2183
-3062
-3726
-4953
-5505
-5170
-5244
-4613
-3695
-3003
-1957
-523
133
338
1428
2510
2946
3256
3393
2460
2549
1974
944
105
-1101
-1645
-2701
-3574
-4421
-5407
-5233
-4865
-4743
-3964
-3593
-2872
-1816
-447
39
852
1774
2406
2434
2551
2703
2694
2089
1210
758
-753
-2142
-2689
-3336
-4349
-5170
-5306
-5459
-5087
-4744
-3909
-3585
-3072
-1766
-655
55
801
2249
3187
2876
2807
2573
2621
1856
1217
407
-1157
-1698
-1996
-2896
-4644
-5510
-5571
-5554
-4695
-4656
-3846
-3519
-2713
128
1174
321
871
2193
3060
3604
3550
2493
2351
1302
397
-445
-1754
-2465
-2198
-3382
-4684
-5183
-5478
-5126
-4899
-4754
-3827
-3539
-2755
-1088
-447
-500
870
2141
1983
2605
2805
2350
2075
867
160
-152
-1207
-2086
-3191
-4494
-4859
-4848
-5189
-5206
-4880
-4327
-3158
-2856
-2193
-569
-287
159
1460
2505
2827
3515
2784
2018
2042
1315
888
-483
-1605
-1309
-2382
-4249
-4718
-4136
-4298
-4524
-5018
-4225
-2795
-2431
-1480
-103
386
1131
2418
3352
3016
2487
1510
1615
1344
923
58
-1650
-2265
-2331
-2938
-3778
-4313
-4024
-4788
-4388
-4408
-4383
-3455
-2932
-1371
-356
-68
823
1774
2335
2250
2586
1935
2155
1659
1241
504
-1051
-1530
-1442
-2413
-3489
-3812
-4304
-5160
-4309
-3797
-3103
-2690
-1747
48
484
336
2009
2994
2993
3126
3467
2871
3012
2163
934
91
-1493
-1860
-2236
-3442
-4498
-5255
-4726
-4433
-4225
-4033
-3940
-3290
-1935
-1091
-513
88
886
1896
2618
2867
2379
2051
1664
781
226
-734
-1798
-2378
-2659
-4093
-4946
-4613
-4881
-4282
-4286
-4157
-2862
-2387
-1466
-366
146
1119
2241
2410
2409
3033
2375
2318
1939
1061
269
-1174
-2198
-2146
-3272
-4512
-5198
-5083
-5047
-4457
-4677
-4518
-3799
-2772
-1103
-267
275
1154
2340
2535
2609
2834
1862
1928
1255
465
47
-1619
-2481
-3130
-4353
-4879
-5110
-5282
-5682
-5193
-4968
-3784
-3410
-2405
-559
-15
-12
974
2145
2741
2614
2810
2402
1870
754
211
-812
-2057
-2322
-2665
-3887
-4655
-4744
-5303
-5139
-4792
-4539
-3597
-3409
-2516
-676
-39
141
1110
2115
2301
2378
2391
1982
1805
1253
498
-617
-2073
-1994
-1991
-3923
-5200
-4991
-4849
-4663
-4656
-4475
-3899
-3342
-1932
-793
-822
418
1819
2602
2190
2057
1745
1740
1725
938
55
-1491
-2062
-2226
-3234
-4737
-5392
-5593
-5999
-5341
-5413
-4894
-3603
-2913
-1595
-388
-474
514
2003
2217
2211
2674
2373
2239
1303
958
306
-1630
-2010
-2234
-3185
-4234
-5230
-5458
-5817
-5197
-5573
-4748
-3097
-2457
-1430
-1129
-789
1035
2032
1891
2606
2586
1762
1959
1240
611
-463
-1701
-2073
-2783
-3991
-4853
-5141
-5543
-5339
-4437
-3967
-3982
-3308
-2394
-731
-740
-83
864
1936
1851
1941
1864
2308
1686
442
216
-965
-2196
-2398
-2657
-3759
-4683
-4919
-5232
-4701
-4371
-4317
-4098
-3601
-1402
-112
-242
62
1288
2867
3085
3277
2137
1587
1626
934
-86
-1438
-2407
-2552
-3320
-4295
-5205
-5230
-5636
-5150
-5090
-4615
-3140
-2291
-1345
-396
-504
770
1701
1730
1813
2646
1984
2107
1101
190
125
-1195
-2126
-2755
-4320
-5405
-5584
-5446
-5701
-4639
-4078
-3845
-3462
-2561
-1290
-853
-761
553
1673
2093
1964
2026
1610
1540
1215
397
-361
-1764
-2097
-2137
-3745
-5107
-5003
-4882
-4706
-4431
-4425
-3495
-2950
-2111
-439
-633
-417
1126
2263
2200
1591
1582
1876
1441
517
155
-435
-1811
-1963
-2656
-4326
-5338
-5124
-5076
-4623
-4658
-4527
-4381
-3746
-1905
-811
-915
-220
1068
1762
1802
2344
2164
1945
1720
549
-220
-1310
-2444
-2147
-2684
-4382
-5302
-4873
-4701
-4580
-4773
-4412
-3886
-3320
-2024
-331
72
930
1825
1741
1750
2338
1848
2105
1369
206
-216
-1475
-2413
-2685
-3524
-4526
-4843
-4800
-5448
-4406
-4520
-4348
-3177
-2530
-1273
-770
-302
558
1365
2020
2866
2353
1695
1252
867
872
-273
-2061
-2278
-2730
-3804
-4934
-5645
-5709
-5452
-4924
-4210
-3625
-2787
-1855
-561
-625
-148
1265
2334
2553
2611
1943
1574
2008
996
361
-779
-2132
-2598
-3012
-4319
-4723
-4283
-4361
-4375
-4635
-4236
-3345
-2428
-1692
-674
-440
40
1528
2339
2228
2691
1940
1618
1318
453
274
-1227
-2425
-2209
-2878
-4578
-5425
-5430
-6184
-5227
-4915
-4284
-3567
-3034
-1792
-801
-588
211
1484
2316
1914
2325
1546
1674
1357
946
401
-1364
-2450
-2539
-3315
-4571
-4787
-5433
-5535
-4583
-4474
-4097
-3073
-2585
-1526
-798
124
1722
2972
2843
2571
2566
2054
1679
640
49
-300
-1909
-2356
-2347
-3305
-4700
-5095
-5331
-5268
-5028
-4864
-4164
-3492
-2747
-1074
-394
-332
1109
2085
2250
2565
2370
2108
1749
1169
627
-740
-2124
-2544
-2886
-4026
-4961
-4993
-5032
-5046
-5126
-4642
-3672
-3291
-2418
-337
-118
-48
1556
2356
1996
2460
2102
2131
1500
447
-115
-1496
-2237
-2455
-3122
-4319
-4782
-4227
-4596
-4094
-4272
-4134
-3557
-2849
-1456
-123
-92
191
1193
2400
1902
2417
1651
1717
1687
1151
685
-1308
-2567
-1738
-2466
-4201
-4846
-4516
-4321
-4459
-5160
-4236
-3340
-2999
-1552
-767
-296
777
1634
1647
1361
1944
1872
2015
1259
406
-89
-1731
-2640
-2683
-3770
-4820
-4963
-4970
-4348
-3895
-4520
-4123
-4043
-2908
-848
-238
777
1168
1976
2706
2662
2536
1692
1457
764
227
-124
-1886
-2110
-2215
-3511
-4082
-4869
-5506
-4786
-4575
-4894
-3754
-2955
-2568
-997
-612
-89
1100
1853
1642
2046
1893
1534
1099
874
451
-1140
-2267
-2143
-2923
-4319
-4416
-4626
-5244
-4704
-4731
-4855
-4136
-3001
-1421
-145
-154
257
1569
2219
2633
3153
2137
1992
1540
469
382
-697
-2210
-2339
-3181
-4095
-4342
-4427
-4438
-4140
-4734
-4937
-3366
-2279
-1011
-670
43
1323
2422
2543
2256
2135
1913
2168
1498
581
-89
-1698
-2503
-2938
-4270
-4681
-4909
-5167
-5784
-5375
-4779
-3870
-2925
-2620
-1227
-879
-530
657
1732
2162
2371
2562
2349
1796
858
722
-291
-2190
-2885
-3008
-4347
-5154
-5310
-4826
-4662
-4849
-4713
-3509
-2701
-2420
-798
-531
196
1763
2336
2015
2470
2301
2166
2086
990
643
-578
-2298
-2720
-3254
-4261
-4796
-4778
-5056
-4982
-5072
-4934
-4280
-2979
-1575
-614
124
564
1052
1660
1818
2317
1748
2082
1829
1172
78
-880
-1226
-1747
-3498
-5048
-5082
-4648
-5047
-5038
-5161
-4663
-3352
-3322
-1797
-471
-220
129
1179
1999
2125
2309
1707
1452
884
523
220
-1682
-2833
-3371
-4190
-4546
-4570
-4609
-4885
-4695
-4856
-4489
-3527
-3029
-1247
-330
111
1430
1992
1983
2106
2539
2416
2402
1149
824
178
-1573
-2215
-2568
-3764
-4500
-4233
-5075
-4968
-5033
-5049
-3959
-3719
-3049
-1282
-780
-344
647
1558
2432
3325
2691
1626
1704
1379
481
-1080
-2301
-2611
-3201
-3873
-4573
-4569
-5316
-5130
-5011
-4748
-4064
-3457
-1990
-506
73
561
1247
1815
2200
2342
1826
2276
1836
